272
    0    72                24.4
    0    23                49.5
    0    29                82.6
    1    26                16.1
    1    38                23.2
    1     8                33.8
    2    22                 2.8
    2    33                35.3
    3    62                11.9
    3    81                13.5
    3    66                19.4
    4    38                 9.3
    4    50                24.2
    5    81                13.1
    5    19                17.7
    5    66                20.2
    6    86                   9
    6    96                13.2
    6    36                32.2
    7    76                 2.9
    7    32                 7.8
    7    47                19.7
    8    17                  28
    8    88                30.3
    8     1                33.8
    8    82                33.9
    9    57                 3.7
    9    80                19.8
   10    34                 8.4
   10    54                 9.8
   11    70                 9.2
   11    66                18.3
   11    44                22.8
   12    90                 2.1
   12    45                30.3
   12    88                34.7
   13    98                 7.6
   13    99                14.1
   13    97                22.2
   14    47                  16
   14    53                21.9
   15    78                 3.2
   15    56                12.4
   15    69                43.7
   16    55                11.2
   16    83                11.6
   17    57                 8.7
   17     8                  28
   17    97                38.4
   17    79                42.1
   18    51                15.7
   18    41                20.6
   18    55                26.6
   19    70                10.4
   19     5                17.7
   19    34                22.8
   20    80                 4.8
   20    62                 5.1
   21    39                 5.6
   21    25                 7.6
   21    84                21.6
   21    89                25.7
   22     2                 2.8
   22    65                 7.7
   22    92                10.4
   23    28                 6.5
   23     0                49.5
   24    85                 2.5
   24    72                 3.6
   24    68                35.8
   25    21                 7.6
   25    37                  22
   25    87                28.1
   26    60                 7.1
   26    93                 8.9
   26    73                 9.1
   26     1                16.1
   27    71                32.1
   28    68                 2.1
   28    23                 6.5
   29    42                24.2
   29     0                82.6
   30    56                 2.9
   30    77                25.9
   30    32                26.3
   31    85                10.5
   31    69                23.8
   31    56                46.8
   32     7                 7.8
   32    30                26.3
   33    58                 5.1
   33     2                35.3
   34    10                 8.4
   34    19                22.8
   35    77                16.3
   35    45                19.6
   35    86                  24
   36    40                12.4
   36    84                13.4
   36     6                32.2
   37    89                   9
   37    74                17.7
   37    25                  22
   38     4                 9.3
   38    49                  18
   38     1                23.2
   39    21                 5.6
   39    42                 6.2
   39    40                  21
   40    36                12.4
   40    39                  21
   41    54                15.9
   41    76                17.2
   41    18                20.6
   42    39                 6.2
   42    29                24.2
   42    86                67.6
   43    65                 8.3
   43    44                12.8
   43    70                24.6
   44    43                12.8
   44    58                17.6
   44    11                22.8
   45    67                15.1
   45    35                19.6
   45    12                30.3
   46    97                 8.7
   46    80                19.3
   47    78                 8.3
   47    14                  16
   47     7                19.7
   48    66                34.6
   48    58                36.4
   48    63                38.4
   49    84                 6.2
   49    38                  18
   49    89                23.3
   50     4                24.2
   51    64                 2.2
   51    18                15.7
   52    71                 2.8
   52    91                   9
   53    94                15.9
   53    14                21.9
   54    10                 9.8
   54    41                15.9
   54    95                21.2
   55    16                11.2
   55    18                26.6
   55    65                35.9
   56    30                 2.9
   56    15                12.4
   56    31                46.8
   57     9                 3.7
   57    17                 8.7
   57    88                23.9
   58    33                 5.1
   58    44                17.6
   58    48                36.4
   59    94                 8.4
   59    64                76.2
   60    26                 7.1
   60    82                24.7
   61    99                 5.2
   61    91                 6.6
   61    98                  13
   62    20                 5.1
   62     3                11.9
   63    98                14.4
   63    48                38.4
   64    51                 2.2
   64    76                25.5
   64    59                76.2
   65    22                 7.7
   65    43                 8.3
   65    55                35.9
   66    11                18.3
   66     3                19.4
   66     5                20.2
   66    48                34.6
   67    96                10.2
   67    45                15.1
   67    88                27.5
   68    28                 2.1
   68    69                16.5
   68    24                35.8
   69    68                16.5
   69    94                21.9
   69    31                23.8
   69    15                43.7
   70    11                 9.2
   70    19                10.4
   70    43                24.6
   71    52                 2.8
   71    79                14.9
   71    27                32.1
   72    24                 3.6
   72     0                24.4
   72    86                49.6
   73    26                 9.1
   73    74                14.4
   73    89                15.9
   74    73                14.4
   74    37                17.7
   75    93                 3.8
   75    87                  51
   76     7                 2.9
   76    41                17.2
   76    64                25.5
   77    35                16.3
   77    30                25.9
   77    85                33.6
   78    15                 3.2
   78    47                 8.3
   79    71                14.9
   79    17                42.1
   79    82                45.4
   80    20                 4.8
   80    46                19.3
   80     9                19.8
   81    90                 9.1
   81     5                13.1
   81     3                13.5
   82    60                24.7
   82     8                33.9
   82    79                45.4
   83    16                11.6
   83    92                17.7
   84    49                 6.2
   84    36                13.4
   84    21                21.6
   85    24                 2.5
   85    31                10.5
   85    77                33.6
   86     6                   9
   86    35                  24
   86    72                49.6
   86    42                67.6
   87    25                28.1
   87    75                  51
   88    57                23.9
   88    67                27.5
   88     8                30.3
   88    12                34.7
   89    37                   9
   89    73                15.9
   89    49                23.3
   89    21                25.7
   90    12                 2.1
   90    81                 9.1
   90    95                31.5
   91    61                 6.6
   91    52                   9
   92    22                10.4
   92    83                17.7
   93    75                 3.8
   93    26                 8.9
   94    59                 8.4
   94    53                15.9
   94    69                21.9
   95    54                21.2
   95    90                31.5
   96    67                10.2
   96     6                13.2
   97    46                 8.7
   97    13                22.2
   97    17                38.4
   98    13                 7.6
   98    61                  13
   98    63                14.4
   99    61                 5.2
   99    13                14.1
