432
    0    97                 7.9
    0   144                45.4
    1    78                12.4
    1   111                  25
    1    94                39.7
    2   138                15.7
    2    62                22.7
    2    89                38.1
    3   122                 5.6
    3   115                 8.9
    3     7                12.2
    3     6                  29
    4   126                 8.3
    4    36                 8.8
    4   131                22.5
    5   125                12.2
    5    26                21.2
    6    39                  14
    6     3                  29
    7     3                12.2
    7    24                23.9
    7   119                28.9
    8    87                 2.5
    8    19                91.4
    9   118                   9
    9    19                17.8
    9   103                36.8
    9   124                  46
   10    74                 7.2
   10    60                10.1
   11   103                22.9
   11    62                25.9
   11    87                33.5
   12    18                   4
   12    88                20.6
   12    46                  43
   13    28                 2.8
   13    48                16.5
   13    65                37.6
   14    94                19.9
   14    54                26.2
   15    28                 9.6
   15    60                  12
   15   102                31.6
   16    88                19.2
   16   101                22.9
   16    17                29.6
   17   133                 8.8
   17    16                29.6
   18    12                   4
   18   120                19.2
   18   101                21.5
   19   114                 9.3
   19   131                 9.5
   19     9                17.8
   19     8                91.4
   20    41                18.4
   20    26                35.8
   20   133                45.7
   21    80                12.4
   21    95                28.3
   22   109                 6.2
   22    42                21.9
   22    73                34.5
   23   116                 5.6
   23    84                 8.7
   23    69                11.5
   23    96                12.5
   24    29                10.8
   24   141                17.8
   24     7                23.9
   24   112                29.7
   25   143                  15
   25    49                15.7
   25    98                19.8
   25   130                33.9
   26   109                 8.6
   26     5                21.2
   26    20                35.8
   27    96                12.3
   27    57                13.4
   27    55                54.3
   28    13                 2.8
   28    15                 9.6
   28   140                  10
   29    46                 9.6
   29    24                10.8
   29   143                23.2
   30   101                15.6
   30    31                21.2
   30    80                  24
   31   144                   7
   31    30                21.2
   32   127                 6.4
   32   107                11.4
   33    97                 1.5
   33    35                28.2
   33   134                41.5
   34   113                15.8
   34   122                34.5
   35    56                11.5
   35    33                28.2
   35    43                60.8
   36     4                 8.8
   36    83                 9.6
   36   106                 9.7
   36    47                30.5
   37    41                 9.1
   37   138                20.3
   37    56                29.5
   38   110                 5.3
   38    95                15.5
   38   128                26.5
   39    65                   6
   39     6                  14
   39   102                18.6
   40   139                 4.6
   40   137                14.2
   40   117                18.3
   41    37                 9.1
   41    73                17.9
   41    20                18.4
   41    77                19.5
   42    64                   2
   42    62                12.9
   42    22                21.9
   43    66                 2.9
   43    35                60.8
   44   129                20.6
   44   135                78.5
   45    68                 6.6
   45    80                 9.3
   45   128                18.5
   46    29                 9.6
   46    12                  43
   47    92                 4.3
   47    63                13.5
   47    36                30.5
   48    49                  13
   48    98                15.6
   48    13                16.5
   49    51                 9.5
   49    48                  13
   49    25                15.7
   50   141                 7.8
   50   119                18.8
   50   143                26.8
   50    98                  29
   51    49                 9.5
   51    85                10.4
   52   129                14.1
   52    58                23.8
   52   140                30.5
   52    85                34.2
   53   111                 5.2
   53   101                  20
   53   120                30.5
   54   130                 8.7
   54    14                26.2
   54   143                31.1
   55    91                12.8
   55   113                14.4
   55    27                54.3
   56   132                10.5
   56    35                11.5
   56    67                22.1
   56    37                29.5
   57    27                13.4
   57   137                17.9
   57    63                26.5
   57   100                26.9
   58    76                  16
   58    52                23.8
   59   123                  13
   59   117                33.4
   60    10                10.1
   60    15                  12
   60   121                16.5
   61    89                   9
   61    79                14.6
   61    87                17.6
   62    42                12.9
   62     2                22.7
   62    11                25.9
   63    47                13.5
   63    70                19.3
   63    90                22.5
   63    57                26.5
   64    42                   2
   64   103                18.5
   65    39                   6
   65   119                 7.6
   65    13                37.6
   66    43                 2.9
   66   142                22.4
   66    75                27.8
   67    56                22.1
   67    75                34.2
   68    45                 6.6
   68   136                 6.8
   68    78                19.9
   69   137                10.7
   69    23                11.5
   69    99                16.4
   70    63                19.3
   70    82                  21
   70   100                21.5
   70    72                22.4
   71   131                   3
   72   123                 6.8
   72    93                11.7
   72   146                19.6
   72    70                22.4
   73   138                12.7
   73    41                17.9
   73    22                34.5
   74    10                 7.2
   74    76                12.1
   74   140                17.3
   75    81                18.1
   75    66                27.8
   75    67                34.2
   75   138                34.9
   76    74                12.1
   76    58                  16
   77    41                19.5
   77   134                22.7
   77   132                33.4
   78    86                 7.9
   78     1                12.4
   78    68                19.9
   79    81                13.3
   79    61                14.6
   79   145                18.8
   80    45                 9.3
   80   136                 9.5
   80    21                12.4
   80    30                  24
   81    79                13.3
   81    89                16.2
   81    75                18.1
   81   142                19.2
   82    90                   2
   82    93                12.8
   82    70                  21
   83    90                 8.2
   83    36                 9.6
   83   148                12.9
   84    23                 8.7
   84   135                54.5
   85    51                10.4
   85    52                34.2
   86    78                 7.9
   86   128                33.3
   87     8                 2.5
   87    61                17.6
   87    11                33.5
   88    16                19.2
   88    12                20.6
   88   112                21.9
   89    61                   9
   89    81                16.2
   89     2                38.1
   90    82                   2
   90    83                 8.2
   90    63                22.5
   91    55                12.8
   91    92                19.4
   91   118                22.2
   92    47                 4.3
   92    91                19.4
   93    72                11.7
   93    82                12.8
   93   148                16.7
   94   120                18.2
   94    14                19.9
   94     1                39.7
   95    38                15.5
   95    21                28.3
   95   144                36.8
   96    27                12.3
   96    23                12.5
   96   137                16.4
   96   147                49.1
   97    33                 1.5
   97     0                 7.9
   97   105                41.9
   98    48                15.6
   98    25                19.8
   98    50                  29
   99   139                 8.2
   99    69                16.4
  100   117                 8.8
  100    70                21.5
  100    57                26.9
  101    30                15.6
  101    53                  20
  101    18                21.5
  101    16                22.9
  102   147                12.1
  102    39                18.6
  102    15                31.6
  103    64                18.5
  103    11                22.9
  103     9                36.8
  104   128                17.5
  105   133                10.5
  105   134                13.2
  105    97                41.9
  106   114                 8.5
  106    36                 9.7
  107    32                11.4
  107   108                  15
  107   147                20.1
  108   107                  15
  108   116                20.3
  109    22                 6.2
  109    26                 8.6
  109   124                  34
  110    38                 5.3
  111    53                 5.2
  111   136                 7.3
  111     1                  25
  112    88                21.9
  112    24                29.7
  112   115                36.2
  113   125                  10
  113    55                14.4
  113    34                15.8
  114   106                 8.5
  114    19                 9.3
  114   118                15.5
  115     3                 8.9
  115   112                36.2
  115   149                44.9
  116    23                 5.6
  116   108                20.3
  117   100                 8.8
  117    40                18.3
  117    59                33.4
  118     9                   9
  118   114                15.5
  118    91                22.2
  119    65                 7.6
  119    50                18.8
  119     7                28.9
  120    94                18.2
  120    18                19.2
  120    53                30.5
  121   127                 4.8
  121   135                15.7
  121    60                16.5
  122     3                 5.6
  122    34                34.5
  122   147                50.4
  123    72                 6.8
  123    59                  13
  124   125                 6.1
  124   109                  34
  124     9                  46
  125   149                 6.1
  125   124                 6.1
  125   113                  10
  125     5                12.2
  126   148                 3.5
  126     4                 8.3
  127   121                 4.8
  127    32                 6.4
  128   104                17.5
  128    45                18.5
  128    38                26.5
  128    86                33.3
  129    52                14.1
  129    44                20.6
  130    54                 8.7
  130    25                33.9
  131    71                   3
  131    19                 9.5
  131     4                22.5
  132    56                10.5
  132    77                33.4
  133    17                 8.8
  133   105                10.5
  133    20                45.7
  134   105                13.2
  134    77                22.7
  134    33                41.5
  135   121                15.7
  135    84                54.5
  135    44                78.5
  136    68                 6.8
  136   111                 7.3
  136    80                 9.5
  137    69                10.7
  137    40                14.2
  137    96                16.4
  137    57                17.9
  138    73                12.7
  138     2                15.7
  138    37                20.3
  138    75                34.9
  139    40                 4.6
  139    99                 8.2
  140    28                  10
  140    74                17.3
  140    52                30.5
  141    50                 7.8
  141    24                17.8
  142   145                11.3
  142    81                19.2
  142    66                22.4
  143    25                  15
  143    29                23.2
  143    50                26.8
  143    54                31.1
  144    31                   7
  144    95                36.8
  144     0                45.4
  145   142                11.3
  145    79                18.8
  146   148                  13
  146    72                19.6
  147   102                12.1
  147   107                20.1
  147    96                49.1
  147   122                50.4
  148   126                 3.5
  148    83                12.9
  148   146                  13
  148    93                16.7
  149   125                 6.1
  149   115                44.9
