424
    0   139                 9.4
    0    75                13.8
    0   104                  29
    1    33                 2.3
    1    93                 5.1
    1    92                 9.2
    2   139                12.1
    2    59                12.9
    2   126                22.1
    2    36                31.6
    3    82                 6.9
    3    52                18.3
    3   115                24.8
    3    72                39.6
    4   149                21.2
    4   131                21.4
    4    89                30.8
    5   108                 5.6
    5    63                14.3
    5    67                33.1
    6     8                 7.8
    6    56                12.9
    6    49                24.4
    7   138                 2.3
    7    91                16.7
    8     6                 7.8
    8    88                14.5
    8    82                19.4
    8   100                50.6
    9    67                11.8
    9   102                19.3
    9    77                  28
   10    81                   9
   11   121                 8.6
   11   105                  11
   11   148                33.3
   12   104                 5.2
   12   111                19.2
   13   143                14.6
   13    49                14.8
   13    56                  25
   14   144                17.5
   14    26                19.5
   14    96                  26
   15    65                 8.6
   15    79                  22
   16    85                 5.4
   16   118                21.3
   16    32                51.1
   17    47                17.1
   17    70                24.5
   17   122                  25
   17   109                26.2
   18    42                 7.2
   18    80                  12
   18    45                19.5
   19    85                 8.9
   19    87                17.3
   20    22                17.1
   20   125                21.2
   20    29                38.5
   20    69                49.4
   21   126                 7.2
   21    27                20.9
   21    96                26.1
   22    38                14.7
   22    20                17.1
   22    91                39.6
   23    98                 8.2
   23    61                12.3
   23   147                20.1
   24    77                 8.9
   24    87                17.9
   24    70                32.5
   24    95                48.6
   25    58                 3.2
   25   115                  28
   25   143                  37
   26    14                19.5
   26    33                23.2
   27    28                13.7
   27   105                16.9
   27    21                20.9
   28    57                 6.7
   28    59                  12
   28    27                13.7
   29    61                   6
   29    20                38.5
   30    53                 7.7
   30    79                17.4
   31    93                 2.1
   31    99                12.4
   32    89                19.1
   32   147                20.9
   32    83                26.3
   32    16                51.1
   33     1                 2.3
   33    41                22.1
   33    26                23.2
   34    46                 5.6
   34    99                  14
   35    55                 6.8
   35   111                 8.9
   35   104                21.6
   36    75                17.3
   36    89                31.5
   36     2                31.6
   37    64                16.1
   37   101                19.6
   38   125                 9.4
   38    22                14.7
   38    44                28.1
   39    90                 7.6
   39    62                18.8
   39   106                21.9
   39   145                25.8
   40   132                 9.6
   40    73                  23
   40   131                26.1
   41    99                 8.6
   41    33                22.1
   41    66                59.1
   42   119                 3.9
   42    18                 7.2
   43   141                10.4
   43   138                20.6
   43   145                39.1
   44   107                16.7
   44    38                28.1
   45   112                 6.9
   45    18                19.5
   45    79                19.9
   45    65                22.8
   46    34                 5.6
   46   134                 6.7
   47    17                17.1
   47   120                19.6
   47   123                26.6
   47   103                37.9
   48    52                 4.7
   48   114                 5.8
   49    13                14.8
   49     6                24.4
   50    72                 7.1
   50    58                 9.9
   51   117                 5.2
   51   108                14.4
   51   122                15.1
   52    48                 4.7
   52   117                13.2
   52     3                18.3
   53    30                 7.7
   53   119                16.2
   53   110                32.6
   54    84                 2.9
   54   127                   3
   55    35                 6.8
   55   144                14.5
   55   126                34.5
   56   115                 3.1
   56     6                12.9
   56    13                  25
   57    28                 6.7
   57   149                   8
   57   131                  29
   57   121                32.4
   58    25                 3.2
   58    50                 9.9
   59   149                11.3
   59    28                  12
   59     2                12.9
   60   124                13.3
   60    88                28.7
   61    29                   6
   61    23                12.3
   61   107                23.9
   62    39                18.8
   62   102                19.5
   62   112                52.3
   63     5                14.3
   63   122                  18
   63    70                20.7
   63    77                39.6
   64    74                 9.7
   64   113                13.4
   64   123                14.4
   64    37                16.1
   65    15                 8.6
   65   142                13.1
   65    45                22.8
   66   129                 5.9
   66    41                59.1
   67    72                 5.9
   67     9                11.8
   67     5                33.1
   68    73                 2.1
   68   146                  22
   69   128                 4.7
   69    71                23.6
   69   138                44.5
   69    20                49.4
   70    73                  12
   70    63                20.7
   70    17                24.5
   70    24                32.5
   71    69                23.6
   71   118                  24
   71   147                40.8
   72    67                 5.9
   72    50                 7.1
   72     3                39.6
   73    68                 2.1
   73    70                  12
   73    40                  23
   73    87                25.8
   74    64                 9.7
   74   137                12.2
   75     0                13.8
   75    36                17.3
   76    78                 6.9
   76   124                39.2
   77    24                 8.9
   77     9                  28
   77    63                39.6
   78    76                 6.9
   78   127                19.7
   78   136                  22
   79    30                17.4
   79    45                19.9
   79    15                  22
   80    18                  12
   80   106                27.5
   81    10                   9
   81   101                  19
   82     3                 6.9
   82     8                19.4
   82   116                45.5
   83    98                13.9
   83    32                26.3
   84    54                 2.9
   84    86                12.9
   85    16                 5.4
   85   131                 8.9
   85    19                 8.9
   86    84                12.9
   86   101                24.2
   86   116                46.8
   87    19                17.3
   87    24                17.9
   87    73                25.8
   88     8                14.5
   88    60                28.7
   89    32                19.1
   89     4                30.8
   89    36                31.5
   90    39                 7.6
   90   102                16.5
   90    95                27.7
   91     7                16.7
   91    22                39.6
   92     1                 9.2
   92    96                18.2
   92   148                25.3
   92   135                28.5
   93    31                 2.1
   93     1                 5.1
   94   137                13.5
   94   113                  21
   94   134                28.1
   95   145                16.5
   95   128                19.7
   95    90                27.7
   95   118                37.8
   95    24                48.6
   96    92                18.2
   96    14                  26
   96    21                26.1
   97   144                13.6
   97   111                16.2
   97   129                18.8
   98    23                 8.2
   98    83                13.9
   99    41                 8.6
   99    31                12.4
   99    34                  14
  100   124                 8.2
  100   116                12.1
  100   136                14.2
  100     8                50.6
  101    81                  19
  101    37                19.6
  101    86                24.2
  101   120                60.2
  102    90                16.5
  102     9                19.3
  102    62                19.5
  103   133                 5.5
  103   140                18.2
  103    47                37.9
  104    12                 5.2
  104    35                21.6
  104     0                  29
  105    11                  11
  105    27                16.9
  106    39                21.9
  106    80                27.5
  106   141                32.8
  107    44                16.7
  107   125                19.9
  107    61                23.9
  108     5                 5.6
  108   114                 6.6
  108    51                14.4
  109   133                 8.6
  109   146                17.6
  109    17                26.2
  110   130                10.8
  110    53                32.6
  111    35                 8.9
  111    97                16.2
  111    12                19.2
  112    45                 6.9
  112   143                39.5
  112    62                52.3
  113    64                13.4
  113   140                20.7
  113    94                  21
  114    48                 5.8
  114   108                 6.6
  115    56                 3.1
  115     3                24.8
  115    25                  28
  116   100                12.1
  116    82                45.5
  116    86                46.8
  117    51                 5.2
  117    52                13.2
  118    16                21.3
  118    71                  24
  118    95                37.8
  119    42                 3.9
  119    53                16.2
  120   122                 7.2
  120    47                19.6
  120   101                60.2
  121   132                 2.3
  121    11                 8.6
  121    57                32.4
  122   120                 7.2
  122    51                15.1
  122    63                  18
  122    17                  25
  123    64                14.4
  123    47                26.6
  124   100                 8.2
  124    60                13.3
  124    76                39.2
  125    38                 9.4
  125   107                19.9
  125    20                21.2
  126    21                 7.2
  126     2                22.1
  126    55                34.5
  127    54                   3
  127    78                19.7
  128    69                 4.7
  128    95                19.7
  129    66                 5.9
  129    97                18.8
  130   110                10.8
  130   141                19.2
  131    85                 8.9
  131     4                21.4
  131    40                26.1
  131    57                  29
  132   121                 2.3
  132    40                 9.6
  132   146                21.2
  133   103                 5.5
  133   109                 8.6
  133   148                  10
  134    46                 6.7
  134   135                14.3
  134    94                28.1
  135   140                11.2
  135   134                14.3
  135    92                28.5
  136   100                14.2
  136    78                  22
  137    74                12.2
  137    94                13.5
  138     7                 2.3
  138    43                20.6
  138    69                44.5
  139     0                 9.4
  139     2                12.1
  140   135                11.2
  140   103                18.2
  140   113                20.7
  141    43                10.4
  141   130                19.2
  141   106                32.8
  142    65                13.1
  143    13                14.6
  143    25                  37
  143   112                39.5
  144    97                13.6
  144    55                14.5
  144    14                17.5
  145    95                16.5
  145    39                25.8
  145    43                39.1
  146   109                17.6
  146   132                21.2
  146    68                  22
  147    23                20.1
  147    32                20.9
  147    71                40.8
  148   133                  10
  148    92                25.3
  148    11                33.3
  149    57                   8
  149    59                11.3
  149     4                21.2
