432
    0   131                 8.8
    0    14                35.4
    1    43                 8.9
    1    99                14.2
    2    51                   6
    2   105                18.2
    2   110                28.3
    3   135                 7.8
    3    90                12.3
    3    47                19.1
    3   145                39.8
    4   128                 8.6
    4    45                   9
    4   104                28.8
    5    78                23.2
    5    63                25.1
    5    28                27.3
    6    77                12.8
    6   100                15.5
    6    94                30.9
    6   141                42.5
    7    92                 9.5
    7   110                14.6
    7    55                20.1
    8    62                  10
    8   134                  14
    8    72                30.7
    9   132                 3.9
    9   121                 8.7
   10    96                23.9
   10   107                  35
   10   135                49.5
   11    35                  11
   11    88                16.2
   11   141                21.8
   12    85                24.3
   12    74                41.6
   13   101                 8.4
   13   122                 8.4
   13    40                11.5
   14   128                11.3
   14   142                22.6
   14     0                35.4
   15   104                 9.7
   15    71                10.5
   15    66                13.7
   16    22                 4.6
   16    81                 7.7
   16    40                37.7
   17    70                12.3
   17    23                14.9
   17    66                33.3
   18   101                16.2
   18    97                17.3
   18   143                20.1
   19   113                   3
   20    76                10.1
   20    79                12.8
   20   133                22.3
   21    57                 4.9
   21    34                14.6
   22    16                 4.6
   23    84                 9.2
   23   144                13.4
   23    17                14.9
   23    75                17.8
   24    79                 5.7
   24    32                37.2
   25    58                14.3
   25    56                30.8
   25   145                33.8
   26    45                 6.9
   26    72                  16
   27   116                 2.3
   27    42                 8.7
   27    83                21.5
   27    35                33.3
   28    96                13.9
   28    72                25.3
   28     5                27.3
   28    83                51.8
   29    77                21.1
   29    88                27.1
   30   130                  23
   30   107                  24
   30    35                26.2
   30   135                39.3
   31    69                10.7
   31    75                25.5
   31   126                70.9
   32    64                19.3
   32    89                  24
   32    24                37.2
   33   100                   9
   33    91                17.6
   33    52                44.1
   34    43                12.4
   34    21                14.6
   34    90                26.3
   35    11                  11
   35    30                26.2
   35    27                33.3
   36    86                10.6
   36    41                29.6
   37    50                13.4
   37    48                  23
   37   109                  25
   38    60                 6.2
   38   142                  14
   38   103                44.4
   39   149                17.7
   39    74                25.9
   40    13                11.5
   40    16                37.7
   41   109                 3.8
   41    48                27.1
   41    36                29.6
   42    27                 8.7
   42    63                15.8
   43     1                 8.9
   43    34                12.4
   43   124                33.7
   44    61                 6.3
   44    76                12.9
   44    73                  21
   45    26                 6.9
   45     4                   9
   45    78                22.1
   45   134                48.9
   46    74                 9.8
   46   149                30.6
   46    97                31.1
   47     3                19.1
   47    92                26.6
   47   130                  27
   48    37                  23
   48    41                27.1
   48    89                28.4
   48    64                32.9
   49   111                17.9
   49   114                18.8
   49   123                25.3
   49   118                  28
   50   147                 2.9
   50    37                13.4
   50    93                17.5
   50    80                17.9
   51     2                   6
   51    88                26.6
   52   108                21.6
   52    87                22.2
   52   115                35.7
   52    33                44.1
   53   111                18.9
   53   141                28.6
   54    85                 3.8
   54   122                15.1
   55   145                 5.7
   55     7                20.1
   55    58                37.8
   56   124                14.8
   56    25                30.8
   57    21                 4.9
   57    99                25.1
   57   117                29.5
   58    25                14.3
   58    55                37.8
   59   100                 7.9
   59   146                17.3
   60    38                 6.2
   60   125                 9.3
   60    73                11.3
   60   127                48.4
   61    44                 6.3
   61    81                 8.7
   61   112                  15
   62     8                  10
   62   103                18.4
   62    96                25.5
   63   123                15.4
   63    42                15.8
   63     5                25.1
   64    86                13.2
   64    32                19.3
   64    48                32.9
   65   114                  11
   65    95                18.2
   65   111                25.9
   66    15                13.7
   66   139                20.5
   66    17                33.3
   67   117                  25
   67    96                29.7
   68   118                 3.9
   68    70                 7.9
   68    71                25.7
   69    84                 6.5
   69   120                 9.9
   69    31                10.7
   70    68                 7.9
   70    17                12.3
   70   114                18.9
   71    15                10.5
   71    78                19.6
   71    68                25.7
   72    26                  16
   72    28                25.3
   72     8                30.7
   73    60                11.3
   73    44                  21
   74    46                 9.8
   74    39                25.9
   74    12                41.6
   75    23                17.8
   75   119                18.4
   75    31                25.5
   75   139                26.7
   76   112                 6.3
   76    20                10.1
   76    44                12.9
   77     6                12.8
   77    29                21.1
   78    71                19.6
   78    82                20.9
   78    45                22.1
   78     5                23.2
   79    24                 5.7
   79    20                12.8
   79   122                92.3
   80    50                17.9
   80   119                29.1
   81    16                 7.7
   81    61                 8.7
   81   125                30.4
   82   118                10.6
   82    78                20.9
   83   107                 3.7
   83    27                21.5
   83    28                51.8
   84    69                 6.5
   84    23                 9.2
   85    54                 3.8
   85   101                  13
   85    12                24.3
   86    36                10.6
   86    64                13.2
   87   111                  10
   87   146                21.3
   87    52                22.2
   88    11                16.2
   88    51                26.6
   88    29                27.1
   88   130                27.2
   89   131                22.2
   89    32                  24
   89    48                28.4
   89   133                28.5
   90     3                12.3
   90    34                26.3
   90    98                31.9
   91    94                12.1
   91    33                17.6
   91   121                21.6
   92     7                 9.5
   92   105                24.5
   92    47                26.6
   93    50                17.5
   93   131                22.8
   94    91                12.1
   94     6                30.9
   95   144                   6
   95   140                13.4
   95    65                18.2
   96    28                13.9
   96    10                23.9
   96    62                25.5
   96    67                29.7
   97    18                17.3
   97    46                31.1
   97   127                46.5
   98   124                  15
   98   145                28.9
   98    90                31.9
   99     1                14.2
   99   138                15.1
   99    57                25.1
  100    59                 7.9
  100    33                   9
  100     6                15.5
  101    13                 8.4
  101    85                  13
  101    18                16.2
  102   106                11.4
  102   128                20.5
  103   127                 6.2
  103    62                18.4
  103    38                44.4
  104    15                 9.7
  104   106                14.1
  104     4                28.8
  105   130                17.2
  105     2                18.2
  105    92                24.5
  106   131                10.3
  106   102                11.4
  106   104                14.1
  106   147                44.5
  107    83                 3.7
  107    30                  24
  107    10                  35
  108   126                12.4
  108    52                21.6
  108   132                33.5
  109    41                 3.8
  109    37                  25
  110     7                14.6
  110     2                28.3
  111    87                  10
  111    49                17.9
  111    53                18.9
  111    65                25.9
  112    76                 6.3
  112    61                  15
  113    19                   3
  113   136                11.2
  113   138                30.6
  114    65                  11
  114    49                18.8
  114    70                18.9
  114   144                19.7
  115   140                 1.3
  115    52                35.7
  116    27                 2.3
  116   141                15.9
  116   123                28.7
  117   129                13.2
  117    67                  25
  117    57                29.5
  118    68                 3.9
  118    82                10.6
  118    49                  28
  119    75                18.4
  119    80                29.1
  120    69                 9.9
  120   140                17.3
  120   144                18.9
  121     9                 8.7
  121    91                21.6
  122   137                 2.8
  122    13                 8.4
  122    54                15.1
  122    79                92.3
  123    63                15.4
  123    49                25.3
  123   116                28.7
  124    56                14.8
  124    98                  15
  124    43                33.7
  125    60                 9.3
  125   143                11.4
  125    81                30.4
  126   108                12.4
  126    31                70.9
  127   103                 6.2
  127   148                18.5
  127    97                46.5
  127    60                48.4
  128     4                 8.6
  128    14                11.3
  128   102                20.5
  129   148                  10
  129   117                13.2
  129   136                29.9
  130   105                17.2
  130    30                  23
  130    47                  27
  130    88                27.2
  131     0                 8.8
  131   106                10.3
  131    89                22.2
  131    93                22.8
  132     9                 3.9
  132   108                33.5
  133    20                22.3
  133    89                28.5
  133   142                43.9
  134     8                  14
  134   142                20.9
  134    45                48.9
  135     3                 7.8
  135    30                39.3
  135    10                49.5
  136   149                10.7
  136   113                11.2
  136   129                29.9
  137   122                 2.8
  138    99                15.1
  138   113                30.6
  139   147                11.3
  139    66                20.5
  139    75                26.7
  140   115                 1.3
  140    95                13.4
  140   120                17.3
  141   116                15.9
  141    11                21.8
  141    53                28.6
  141     6                42.5
  142    38                  14
  142   134                20.9
  142    14                22.6
  142   133                43.9
  143   125                11.4
  143    18                20.1
  144    95                   6
  144    23                13.4
  144   120                18.9
  144   114                19.7
  145    55                 5.7
  145    98                28.9
  145    25                33.8
  145     3                39.8
  146    59                17.3
  146    87                21.3
  147    50                 2.9
  147   139                11.3
  147   106                44.5
  148   129                  10
  148   127                18.5
  149   136                10.7
  149    39                17.7
  149    46                30.6
