286
    0    22                 7.1
    0    21                 7.7
    0    80                45.1
    1    91                11.4
    1    67                29.3
    1    51                  32
    2    24                 6.7
    2    91                 7.5
    3    41                 5.5
    3     7                22.5
    3    94                33.8
    4    73                  18
    4    45                19.2
    5    10                11.3
    5    23                16.1
    5    41                18.7
    6    44                 8.9
    6    96                  11
    6    86                12.1
    6    60                16.8
    7    39                 6.4
    7    34                 7.2
    7     3                22.5
    7    92                34.2
    8    31                   9
    8    54                13.4
    8    90                22.1
    9    93                  15
    9    57                19.8
    9    55                23.5
   10     5                11.3
   10    57                14.1
   11    42                12.1
   11    66                  16
   11    49                38.6
   11    19                  42
   12    15                15.5
   12    95                  20
   12    65                27.1
   13    60                11.6
   13    86                13.3
   13    29                21.5
   14    75                 5.2
   14    70                  10
   14    85                35.1
   15    12                15.5
   15    50                26.8
   16    47                18.1
   16    56                21.7
   16    81                34.3
   17    43                13.7
   17    61                16.5
   17    42                22.8
   18    90                11.4
   18    31                18.9
   19    54                14.5
   19    58                25.7
   19    11                  42
   20    64                13.1
   20    89                24.7
   20    28                51.5
   21     0                 7.7
   21    52                  13
   21    77                59.5
   22    96                 4.7
   22     0                 7.1
   23    60                10.5
   23     5                16.1
   24     2                 6.7
   24    40                11.1
   24    71                20.1
   25    67                 8.6
   25    30                24.8
   26    74                 0.5
   26    97                21.7
   26    32                97.3
   27    50                20.6
   27    85                24.2
   27    65                44.9
   28    99                 3.8
   28    30                 7.9
   28    20                51.5
   29    39                 6.2
   29    41                12.1
   29    13                21.5
   30    28                 7.9
   30    25                24.8
   31    79                 2.9
   31     8                   9
   31    18                18.9
   32    53                17.3
   32    38                17.8
   32    26                97.3
   33    46                 9.6
   33    73                  21
   33    64                36.4
   34     7                 7.2
   34    43                21.4
   34    86                27.5
   35    54                 9.3
   35    75                  26
   36    63                 8.4
   37    84                13.9
   37    51                  24
   37    64                37.9
   37    83                45.3
   38    63                 4.6
   38    32                17.8
   39    29                 6.2
   39     7                 6.4
   40    74                 9.4
   40    24                11.1
   41     3                 5.5
   41    29                12.1
   41     5                18.7
   42    11                12.1
   42    98                21.4
   42    17                22.8
   43    17                13.7
   43    49                16.6
   43    34                21.4
   43    72                  46
   44     6                 8.9
   44    73                13.5
   44    84                70.2
   45    46                 5.3
   45     4                19.2
   45    69                  21
   46    45                 5.3
   46    33                 9.6
   46    89                18.5
   47    87                 4.9
   47    16                18.1
   47    78                36.6
   48    68                 3.5
   48    58                 4.5
   49    43                16.6
   49    52                23.2
   49    11                38.6
   50    27                20.6
   50    15                26.8
   51    62                14.7
   51    37                  24
   51     1                  32
   52    86                 7.8
   52    21                  13
   52    49                23.2
   53    32                17.3
   53    85                  18
   53    59                25.7
   54    35                 9.3
   54     8                13.4
   54    19                14.5
   55    73                12.9
   55    60                15.7
   55     9                23.5
   56    72                19.5
   56    16                21.7
   56    61                22.5
   57    10                14.1
   57     9                19.8
   58    48                 4.5
   58    19                25.7
   59    63                 6.9
   59    53                25.7
   59    90                27.6
   60    23                10.5
   60    13                11.6
   60    55                15.7
   60     6                16.8
   61    78                12.3
   61    17                16.5
   61    56                22.5
   62    99                11.3
   62    51                14.7
   62    67                35.1
   63    38                 4.6
   63    59                 6.9
   63    36                 8.4
   64    20                13.1
   64    33                36.4
   64    37                37.9
   64    99                46.1
   65    70                21.9
   65    12                27.1
   65    80                30.9
   65    27                44.9
   66    77                11.1
   66    11                  16
   66    75                22.7
   67    25                 8.6
   67     1                29.3
   67    62                35.1
   68    48                 3.5
   68    98                25.8
   68    87                29.1
   69    45                  21
   69    93                35.9
   70    14                  10
   70    77                17.2
   70    65                21.9
   71    83                 4.7
   71    97                 5.6
   71    24                20.1
   72    92                 6.6
   72    56                19.5
   72    43                  46
   73    55                12.9
   73    44                13.5
   73     4                  18
   73    33                  21
   74    26                 0.5
   74    40                 9.4
   75    14                 5.2
   75    66                22.7
   75    35                  26
   76    84                 4.3
   76    80                24.9
   76    88                31.4
   77    66                11.1
   77    70                17.2
   77    21                59.5
   78    82                 3.9
   78    61                12.3
   78    47                36.6
   79    31                 2.9
   80    76                24.9
   80    65                30.9
   80     0                45.1
   81    16                34.3
   81    94                49.5
   82    78                 3.9
   82    98                20.9
   82    87                37.7
   83    71                 4.7
   83    88                13.3
   83    91                14.5
   83    37                45.3
   84    76                 4.3
   84    37                13.9
   84    44                70.2
   85    53                  18
   85    27                24.2
   85    90                33.7
   85    14                35.1
   86    52                 7.8
   86     6                12.1
   86    13                13.3
   86    34                27.5
   87    47                 4.9
   87    68                29.1
   87    82                37.7
   88    95                 3.3
   88    83                13.3
   88    76                31.4
   89    46                18.5
   89    20                24.7
   90    18                11.4
   90     8                22.1
   90    59                27.6
   90    85                33.7
   91     2                 7.5
   91     1                11.4
   91    83                14.5
   92    72                 6.6
   92    94                  11
   92     7                34.2
   93     9                  15
   93    69                35.9
   94    92                  11
   94     3                33.8
   94    81                49.5
   95    88                 3.3
   95    97                16.1
   95    12                  20
   96    22                 4.7
   96     6                  11
   97    71                 5.6
   97    95                16.1
   97    26                21.7
   98    82                20.9
   98    42                21.4
   98    68                25.8
   99    28                 3.8
   99    62                11.3
   99    64                46.1
