280
    0    61                17.2
    0    86                19.7
    0    34                21.5
    0    37                22.8
    1    39                21.3
    1    69                32.3
    1    55                46.6
    2    47                 5.7
    2    84                 8.3
    3    20                 5.4
    3    95                20.5
    4    94                 3.3
    4    21                20.4
    5    44                16.3
    5    35                17.6
    6    67                21.1
    7    56                 9.7
    7    64                23.5
    8    51                11.1
    8    19                12.2
    9    85                 1.5
    9    73                12.8
   10    50                14.9
   10    90                18.1
   10    27                  24
   10    84                24.7
   11    97                 5.9
   11    88                 8.5
   11    77                33.2
   12    27                14.6
   12    38                19.7
   12    62                30.5
   13    48                14.9
   13    26                17.1
   13    25                18.5
   14    77                 7.6
   14    74                17.9
   15    74                 7.9
   15    77                12.5
   15    93                13.5
   16    66                23.1
   16    80                30.5
   16    53                32.7
   17    48                 8.8
   17    82                13.1
   17    81                25.7
   18    68                15.3
   19    91                 2.5
   19    28                12.2
   19     8                12.2
   20     3                 5.4
   20    96                14.4
   20    55                35.1
   21     4                20.4
   21    22                33.6
   21    70                36.3
   21    56                  43
   22    79                 9.1
   22    21                33.6
   23    59                 7.4
   23    75                62.6
   24    57                 6.8
   24    82                15.2
   24    48                20.6
   25    49                   8
   25    13                18.5
   26    13                17.1
   27    59                  11
   27    12                14.6
   27    10                  24
   28    19                12.2
   28    30                17.8
   28    74                18.6
   29    72                11.4
   29    34                16.1
   29    37                24.4
   30    50                17.5
   30    28                17.8
   30    40                22.2
   30    65                44.3
   31    41                 4.3
   31    45                  14
   32    51                11.5
   32    57                13.1
   33    70                 4.4
   33    47                16.5
   34    54                  11
   34    29                16.1
   34     0                21.5
   35     5                17.6
   35    83                28.6
   35    36                38.8
   35    62                47.6
   36    61                13.1
   36    86                26.6
   36    35                38.8
   37    98                13.2
   37     0                22.8
   37    29                24.4
   38    12                19.7
   38    50                21.4
   38    72                25.2
   38    54                  35
   39    95                18.8
   39    45                20.1
   39     1                21.3
   40    51                20.1
   40    30                22.2
   40    84                35.4
   40    82                38.2
   41    31                 4.3
   41    43                 7.9
   41    92                34.2
   42    97                19.9
   42    93                21.6
   42    49                89.5
   43    47                 3.8
   43    41                 7.9
   44    87                   4
   44     5                16.3
   44    83                27.4
   45    31                  14
   45    39                20.1
   46    87                11.6
   46    63                12.3
   47    43                 3.8
   47     2                 5.7
   47    33                16.5
   48    17                 8.8
   48    13                14.9
   48    24                20.6
   49    25                   8
   49    57                22.9
   49    42                89.5
   50    10                14.9
   50    30                17.5
   50    38                21.4
   51     8                11.1
   51    32                11.5
   51    40                20.1
   52    80                18.5
   52    66                21.2
   52    56                49.8
   53    63                32.1
   53    16                32.7
   54    76                 2.7
   54    34                  11
   54    38                  35
   55    20                35.1
   55     1                46.6
   56     7                 9.7
   56    78                23.3
   56    21                  43
   56    52                49.8
   57    24                 6.8
   57    32                13.1
   57    49                22.9
   58    90                 8.8
   58    59                18.5
   59    23                 7.4
   59    27                  11
   59    94                12.8
   59    58                18.5
   60    82                10.4
   60    92                22.9
   60    84                37.2
   61    36                13.1
   61     0                17.2
   61    76                  26
   62    76                 9.3
   62    12                30.5
   62    35                47.6
   63    46                12.3
   63    80                26.9
   63    53                32.1
   64    66                20.9
   64     7                23.5
   65    77                 7.1
   65    72                 8.2
   65    98                22.9
   65    30                44.3
   66    64                20.9
   66    52                21.2
   66    16                23.1
   67     6                21.1
   67    96                36.5
   68    88                 9.7
   68    18                15.3
   69    92                21.3
   69     1                32.3
   70    33                 4.4
   70    90                13.8
   70    21                36.3
   70    95                39.5
   71    89                 6.6
   71    98                 7.8
   72    65                 8.2
   72    29                11.4
   72    38                25.2
   73    79                12.8
   73     9                12.8
   74    15                 7.9
   74    99                14.8
   74    14                17.9
   74    28                18.6
   75    83                 5.9
   75    80                23.5
   75    23                62.6
   76    54                 2.7
   76    62                 9.3
   76    61                  26
   77    65                 7.1
   77    14                 7.6
   77    15                12.5
   77    11                33.2
   78    85                 5.3
   78    56                23.3
   79    22                 9.1
   79    96                11.8
   79    73                12.8
   80    52                18.5
   80    75                23.5
   80    63                26.9
   80    16                30.5
   80    94                70.3
   81    17                25.7
   81    92                27.6
   82    60                10.4
   82    17                13.1
   82    24                15.2
   82    40                38.2
   83    75                 5.9
   83    44                27.4
   83    35                28.6
   84     2                 8.3
   84    10                24.7
   84    40                35.4
   84    60                37.2
   85     9                 1.5
   85    78                 5.3
   86     0                19.7
   86    36                26.6
   86    89                43.8
   87    44                   4
   87    46                11.6
   88    89                 6.6
   88    11                 8.5
   88    68                 9.7
   89    88                 6.6
   89    71                 6.6
   89    86                43.8
   90    58                 8.8
   90    70                13.8
   90    10                18.1
   91    19                 2.5
   91    99                  21
   92    69                21.3
   92    60                22.9
   92    81                27.6
   92    41                34.2
   93    99                 9.5
   93    15                13.5
   93    42                21.6
   94     4                 3.3
   94    59                12.8
   94    80                70.3
   95    39                18.8
   95     3                20.5
   95    70                39.5
   96    79                11.8
   96    20                14.4
   96    67                36.5
   97    11                 5.9
   97    42                19.9
   98    71                 7.8
   98    37                13.2
   98    65                22.9
   99    93                 9.5
   99    74                14.8
   99    91                  21
