424
    0   120                 9.3
    0    27                11.2
    0    33                24.7
    1    96                 1.5
    1    49                 9.9
    2    64                 8.2
    2    73                18.7
    2    60                21.9
    2    46                22.3
    3    26                 8.5
    3    10                12.9
    4    54                 5.3
    4    67                 6.3
    5    94                 2.5
    5    20                13.3
    5   129                  36
    6    25                 8.8
    6    57                42.3
    7    47                 9.4
    7    15                  17
    7     8                22.2
    8    74                13.9
    8    32                15.9
    8   111                16.6
    8     7                22.2
    9   114                 5.3
    9    58                30.8
   10   113                 9.6
   10     3                12.9
   11   116                  26
   11   138                28.9
   11   130                  35
   12    88                   6
   12    63                14.6
   13    66                 3.4
   13    56                22.9
   13   139                30.2
   14    95                 4.4
   14   110                23.5
   15   111                 7.2
   15    37                12.7
   15     7                  17
   15    69                31.4
   16    19                15.5
   16    47                19.4
   16   140                  23
   17    96                 9.8
   17   133                  10
   17   142                15.7
   18    85                 4.8
   18    55                25.9
   19    16                15.5
   19    37                23.4
   19    53                26.5
   20   120                 5.1
   20     5                13.3
   20   134                24.5
   21   143                19.4
   21    87                20.8
   21   138                23.9
   21    62                24.5
   22   109                11.1
   22   134                29.6
   22    26                36.8
   23   102                 7.7
   23   142                 7.7
   24    77                19.1
   24   147                  43
   24   139                60.9
   25     6                 8.8
   25    81                24.8
   26     3                 8.5
   26   129                14.7
   26    22                36.8
   27    29                10.1
   27     0                11.2
   28    80                 4.7
   28    68                14.8
   29    27                10.1
   29   126                26.8
   29    72                30.6
   30    43                21.3
   30   142                24.5
   30   119                24.7
   31   116                17.5
   31    59                17.6
   31   138                37.7
   32   127                 9.1
   32     8                15.9
   33    35                 3.5
   33     0                24.7
   34    72                 5.8
   34    58                24.3
   35    33                 3.5
   35   110                 8.4
   35   141                14.2
   36   143                12.9
   36    77                13.7
   36   112                33.9
   37    15                12.7
   37    19                23.4
   37    71                30.3
   38   118                26.9
   38    53                35.7
   39   143                 5.1
   40    83                10.7
   40   121                23.2
   40   104                34.2
   41   105                 1.6
   41   106                14.4
   41    93                28.6
   42   119                 4.6
   42    62                 9.2
   42    77                11.2
   43    85                11.7
   43    30                21.3
   43    62                23.2
   43   133                33.5
   44   101                   3
   44    52                 6.6
   45    97                 5.9
   45   121                26.6
   45    52                  27
   46   147                10.1
   46     2                22.3
   46    54                39.2
   47    98                   2
   47     7                 9.4
   47   127                12.8
   47    16                19.4
   48    70                11.8
   48    72                  56
   49     1                 9.9
   49    68                11.7
   49    76                22.2
   49   149                33.3
   50    93                11.2
   50    74                17.6
   51   125                10.9
   51   110                20.5
   51   105                36.1
   52    44                 6.6
   52    54                   9
   52    45                  27
   52    61                38.3
   53    19                26.5
   53    38                35.7
   54     4                 5.3
   54    52                   9
   54    46                39.2
   55   100                12.1
   55    18                25.9
   56   112                 9.7
   56   130                20.3
   56    13                22.9
   57   123                 5.2
   57    88                20.4
   57     6                42.3
   58   108                 3.9
   58    34                24.3
   58     9                30.8
   59    86                 9.9
   59    31                17.6
   60    99                 9.6
   60     2                21.9
   61   104                15.6
   61    73                22.2
   61   121                  27
   61    52                38.3
   62    42                 9.2
   62    43                23.2
   62    21                24.5
   63    12                14.6
   63   117                19.2
   64     2                 8.2
   64    65                22.2
   64   128                32.2
   65   145                 9.8
   65    64                22.2
   65   147                31.6
   65   105                44.6
   66    13                 3.4
   66    92                  22
   66    75                34.7
   67     4                 6.3
   67    73                21.1
   68    49                11.7
   68   117                12.7
   68    28                14.8
   69   131                 9.2
   69    71                  14
   69    15                31.4
   69   108                46.4
   70    48                11.8
   70   118                15.8
   70   114                18.9
   71   118                12.7
   71    69                  14
   71   114                21.2
   71    37                30.3
   72    34                 5.8
   72    29                30.6
   72    48                  56
   73     2                18.7
   73    67                21.1
   73    61                22.2
   73    99                23.1
   74     8                13.9
   74    50                17.6
   74   139                30.3
   75   127                 7.1
   75    98                11.7
   75   139                  15
   75    66                34.7
   76   133                15.7
   76   117                18.5
   76    49                22.2
   76    90                  32
   77    42                11.2
   77    36                13.7
   77    24                19.1
   78    84                  17
   78   137                20.7
   78    80                20.9
   78   124                22.6
   79    82                12.6
   79   131                28.6
   80    28                 4.7
   80   123                   6
   80    78                20.9
   81   115                10.4
   81    25                24.8
   81    84                31.1
   82   106                 5.1
   82    79                12.6
   82   108                17.6
   83    40                10.7
   83   109                16.8
   83   125                57.7
   84   123                15.8
   84    78                  17
   84    81                31.1
   85    18                 4.8
   85   122                 7.2
   85    43                11.7
   86    91                 8.1
   86    59                 9.9
   87    21                20.8
   88    12                   6
   88    57                20.4
   88   117                  21
   89   115                16.5
   89   137                  25
   90   122                20.9
   90    76                  32
   91   100                 7.7
   91    86                 8.1
   92   140                 2.5
   92    66                  22
   93    50                11.2
   93    41                28.6
   93   131                32.2
   93   145                33.9
   94     5                 2.5
   94   120                14.9
   95    14                 4.4
   95   132                20.2
   96     1                 1.5
   96    17                 9.8
   96   103                26.2
   97    45                 5.9
   97   135                23.4
   97   124                24.8
   98    47                   2
   98    75                11.7
   99   128                 8.9
   99    60                 9.6
   99   104                21.8
   99    73                23.1
  100    91                 7.7
  100    55                12.1
  101    44                   3
  101   149                10.7
  101   124                18.6
  102   103                   3
  102   144                 4.2
  102    23                 7.7
  103   102                   3
  103    96                26.2
  103   149                30.5
  104    61                15.6
  104    99                21.8
  104    40                34.2
  105    41                 1.6
  105   107                  14
  105    51                36.1
  105    65                44.6
  106   107                   5
  106    82                 5.1
  106    41                14.4
  107   106                   5
  107   105                  14
  107   141                19.9
  108    58                 3.9
  108   141                17.6
  108    82                17.6
  108    69                46.4
  109   148                 9.1
  109    22                11.1
  109   136                12.3
  109    83                16.8
  110    35                 8.4
  110    51                20.5
  110    14                23.5
  111    15                 7.2
  111     8                16.6
  111   131                24.3
  112    56                 9.7
  112    36                33.9
  112   138                34.2
  113    10                 9.6
  113   136                10.4
  114     9                 5.3
  114    70                18.9
  114    71                21.2
  115    81                10.4
  115    89                16.5
  116    31                17.5
  116    11                  26
  117    68                12.7
  117    76                18.5
  117    63                19.2
  117    88                  21
  118    71                12.7
  118    70                15.8
  118    38                26.9
  119    42                 4.6
  119    30                24.7
  120    20                 5.1
  120     0                 9.3
  120    94                14.9
  121    40                23.2
  121    45                26.6
  121    61                  27
  122    85                 7.2
  122    90                20.9
  123    57                 5.2
  123    80                   6
  123    84                15.8
  124   101                18.6
  124    78                22.6
  124    97                24.8
  125    51                10.9
  125   132                11.6
  125   128                14.3
  125    83                57.7
  126   141                13.1
  126    29                26.8
  127    75                 7.1
  127    32                 9.1
  127    47                12.8
  128    99                 8.9
  128   125                14.3
  128    64                32.2
  129    26                14.7
  129     5                  36
  130    56                20.3
  130    11                  35
  131    69                 9.2
  131   111                24.3
  131    79                28.6
  131    93                32.2
  132   125                11.6
  132    95                20.2
  132   148                39.6
  133    17                  10
  133    76                15.7
  133    43                33.5
  134    20                24.5
  134    22                29.6
  135    97                23.4
  135   137                37.6
  135   146                79.7
  136   113                10.4
  136   109                12.3
  136   146                14.8
  137    78                20.7
  137    89                  25
  137   135                37.6
  138    21                23.9
  138    11                28.9
  138   112                34.2
  138    31                37.7
  139    75                  15
  139    13                30.2
  139    74                30.3
  139    24                60.9
  140    92                 2.5
  140    16                  23
  141   126                13.1
  141    35                14.2
  141   108                17.6
  141   107                19.9
  142    23                 7.7
  142    17                15.7
  142    30                24.5
  143    39                 5.1
  143    36                12.9
  143    21                19.4
  144   102                 4.2
  144   147                16.4
  145    65                 9.8
  145    93                33.9
  146   136                14.8
  146   135                79.7
  147    46                10.1
  147   144                16.4
  147    65                31.6
  147    24                  43
  148   109                 9.1
  148   132                39.6
  149   101                10.7
  149   103                30.5
  149    49                33.3
