274
    0    54                 7.6
    0    19                11.3
    0    47                22.4
    1     6                14.7
    1    37                17.4
    1    23                20.6
    2    94                17.4
    2    48                19.1
    2    56                19.5
    3    92                14.1
    3    95                21.6
    3    20                24.2
    4    89                14.2
    4    60                38.6
    5    38                  11
    5    51                14.9
    5    50                18.6
    5    22                21.2
    6    46                 0.9
    6    90                 9.2
    6     1                14.7
    7    58                12.8
    7    59                21.9
    7    35                32.2
    8    45                16.6
    8    74                23.8
    8    75                37.5
    9    68                 3.7
    9    18                19.9
    9    58                27.4
   10    76                  13
   10    44                23.1
   10    12                30.3
   11    69                18.7
   11    72                24.4
   11    24                29.8
   12    74                  17
   12    10                30.3
   13    79                 7.6
   13    55                16.5
   14    42                13.1
   15    66                 4.6
   15    41                 8.6
   16    46                 4.3
   16    49                 9.5
   16    36                15.9
   17    77                 8.8
   17    61                  18
   17    28                19.5
   18    52                 2.8
   18    86                18.9
   18     9                19.9
   19     0                11.3
   19    65                15.6
   19    48                21.9
   20     3                24.2
   20    99                24.5
   20    73                26.1
   21    42                15.1
   21    86                  30
   22    57                10.1
   22     5                21.2
   23    47                17.4
   23     1                20.6
   23    75                23.1
   23    54                31.2
   24    84                10.7
   24    70                26.6
   24    11                29.8
   24    25                31.8
   25    65                14.9
   25    91                15.9
   25    24                31.8
   26    42                 7.1
   26    81                 8.3
   27    32                15.6
   27    68                26.1
   27    86                36.9
   27    49                45.2
   28    94                13.3
   28    17                19.5
   28    34                20.9
   29    56                  18
   29    91                19.4
   30    67                10.8
   30    33                19.4
   30    91                35.3
   31    95                 8.6
   31    71                  41
   32    83                 7.8
   32    39                 9.8
   32    27                15.6
   33    96                18.8
   33    30                19.4
   34    28                20.9
   34    35                44.2
   35     7                32.2
   35    34                44.2
   36    37                 4.2
   36    16                15.9
   37    36                 4.2
   37    85                 5.4
   37     1                17.4
   38     5                  11
   38    87                17.3
   38    98                21.7
   39    32                 9.8
   39    77                15.6
   39    94                30.2
   40    88                 7.1
   40    69                 7.3
   41    99                 5.9
   41    15                 8.6
   41    60                40.5
   42    26                 7.1
   42    14                13.1
   42    21                15.1
   42    87                16.9
   43    44                 8.3
   43    98                29.6
   43    90                51.7
   44    43                 8.3
   44    60                18.8
   44    10                23.1
   45    79                12.4
   45    73                  15
   45     8                16.6
   46     6                 0.9
   46    16                 4.3
   47    23                17.4
   47    65                18.9
   47     0                22.4
   48     2                19.1
   48    19                21.9
   48    91                33.3
   49    16                 9.5
   49    81                40.7
   49    27                45.2
   50    87                15.5
   50     5                18.6
   50    63                27.1
   50    93                  70
   51    89                 6.7
   51     5                14.9
   52    18                 2.8
   52    97                18.2
   53    62                 6.6
   53    55                 7.1
   53    64                16.1
   54     0                 7.6
   54    85                13.9
   54    23                31.2
   55    53                 7.1
   55    78                11.7
   55    13                16.5
   56    29                  18
   56     2                19.5
   57    22                10.1
   57    63                12.4
   58    97                 7.5
   58     7                12.8
   58     9                27.4
   59    61                 3.1
   59    82                 8.5
   59     7                21.9
   60    44                18.8
   60     4                38.6
   60    41                40.5
   61    59                 3.1
   61    17                  18
   62    53                 6.6
   62    79                17.2
   62    95                22.9
   63    57                12.4
   63    50                27.1
   64    78                 9.4
   64    53                16.1
   64    72                23.7
   65    25                14.9
   65    19                15.6
   65    47                18.9
   66    15                 4.6
   66    76                11.6
   67    30                10.8
   67    80                15.4
   68     9                 3.7
   68    82                 5.8
   68    27                26.1
   69    40                 7.3
   69    11                18.7
   70    72                17.2
   70    24                26.6
   70    75                32.6
   71    72                21.1
   71    31                  41
   72    70                17.2
   72    71                21.1
   72    64                23.7
   72    11                24.4
   73    76                 9.7
   73    45                  15
   73    20                26.1
   74    90                 4.6
   74    12                  17
   74     8                23.8
   75    78                12.2
   75    23                23.1
   75    70                32.6
   75     8                37.5
   76    73                 9.7
   76    66                11.6
   76    10                  13
   77    17                 8.8
   77    82                15.2
   77    39                15.6
   78    64                 9.4
   78    55                11.7
   78    75                12.2
   79    13                 7.6
   79    45                12.4
   79    62                17.2
   80    88                 3.5
   80    84                 9.3
   80    67                15.4
   81    26                 8.3
   81    98                20.4
   81    49                40.7
   82    68                 5.8
   82    59                 8.5
   82    77                15.2
   83    32                 7.8
   83    85                14.7
   84    80                 9.3
   84    24                10.7
   85    37                 5.4
   85    54                13.9
   85    83                14.7
   86    93                18.1
   86    18                18.9
   86    21                  30
   86    27                36.9
   87    50                15.5
   87    42                16.9
   87    38                17.3
   88    80                 3.5
   88    40                 7.1
   88    96                12.6
   89    51                 6.7
   89     4                14.2
   90    74                 4.6
   90     6                 9.2
   90    43                51.7
   91    25                15.9
   91    29                19.4
   91    48                33.3
   91    30                35.3
   92     3                14.1
   93    86                18.1
   93    50                  70
   94    28                13.3
   94     2                17.4
   94    39                30.2
   95    31                 8.6
   95     3                21.6
   95    62                22.9
   96    88                12.6
   96    33                18.8
   97    58                 7.5
   97    52                18.2
   98    81                20.4
   98    38                21.7
   98    43                29.6
   99    41                 5.9
   99    20                24.5
