280
    0    66                 9.2
    0    67                10.2
    0    64                14.7
    1    34                 6.9
    1    19                11.2
    2    56                 9.8
    2    54                21.7
    3    96                22.7
    3    64                22.9
    3    97                41.8
    4    68                 5.1
    4    85                12.1
    4     7                17.2
    5    27                 6.4
    5    23                17.5
    6    16                 2.5
    6    26                 4.3
    6    63                27.1
    7    67                14.1
    7     4                17.2
    7    62                18.7
    8    10                19.8
    8    93                22.9
    9    49                   2
    9    44                15.2
    9    79                34.7
   10    65                14.4
   10     8                19.8
   10    91                25.7
   11    51                15.4
   11    83                15.9
   11    93                17.9
   11    65                34.6
   12    61                13.3
   12    90                20.9
   12    47                39.6
   13    71                 7.6
   13    46                10.9
   13    94                15.7
   14    36                18.7
   15    82                 9.3
   15    72                15.4
   15    74                54.9
   16     6                 2.5
   16    78                20.9
   16    76                25.9
   17    50                16.5
   17    98                26.6
   18    29                 3.7
   19     1                11.2
   19    45                11.6
   19    50                22.8
   20    90                11.4
   20    42                16.4
   20    21                21.2
   20    66                  26
   21    20                21.2
   21    92                23.9
   21    48                  35
   22    38                 6.7
   22    62                12.2
   22    53                14.4
   23    81                 3.4
   23    31                13.5
   23     5                17.5
   24    36                20.8
   24    46                22.7
   24    59                25.1
   25    50                17.4
   26     6                 4.3
   26    46                22.1
   27     5                 6.4
   27    87                11.3
   27    47                13.2
   28    29                10.6
   28    54                15.5
   28    33                28.4
   29    18                 3.7
   29    28                10.6
   30    48                13.1
   30    35                13.5
   30    82                19.4
   30    60                  48
   31    89                 8.6
   31    48                10.4
   31    23                13.5
   32    91                15.8
   32    56                19.3
   33    72                17.6
   33    28                28.4
   34     1                 6.9
   34    75                15.8
   34    57                19.9
   35    58                 9.1
   35    30                13.5
   35    81                16.4
   36    14                18.7
   36    86                20.1
   36    24                20.8
   37    69                 7.7
   37    98                18.1
   38    22                 6.7
   38    39                14.2
   38    73                15.1
   39    38                14.2
   39    44                15.8
   39    53                18.2
   40    78                 9.8
   40    63                13.3
   40    80                38.3
   41    52                 2.7
   41    84                 4.2
   41    76                12.5
   42    20                16.4
   42    61                16.9
   42    64                29.9
   43    68                17.3
   43    44                17.5
   44    73                 8.7
   44     9                15.2
   44    39                15.8
   44    43                17.5
   45    75                 8.8
   45    19                11.6
   45    98                31.1
   46    13                10.9
   46    26                22.1
   46    24                22.7
   47    27                13.2
   47    95                16.7
   47    84                26.6
   47    12                39.6
   48    31                10.4
   48    30                13.1
   48    21                  35
   49     9                   2
   50    17                16.5
   50    25                17.4
   50    19                22.8
   50    79               140.1
   51    70                  14
   51    11                15.4
   51    71                  21
   52    41                 2.7
   52    78                29.6
   53    55                 8.7
   53    22                14.4
   53    39                18.2
   54    28                15.5
   54     2                21.7
   55    53                 8.7
   55    74                18.6
   56     2                 9.8
   56    99                12.4
   56    32                19.3
   57    97                 7.2
   57    80                  17
   57    34                19.9
   58    35                 9.1
   58    72                31.1
   58    65                40.7
   59    86                 7.8
   59    71                  10
   59    24                25.1
   60    92                 2.6
   60    74                20.7
   60    30                  48
   61    12                13.3
   61    42                16.9
   61    77                26.5
   62    88                 8.6
   62    22                12.2
   62     7                18.7
   62    66                  25
   63    40                13.3
   63    69                25.1
   63     6                27.1
   64     0                14.7
   64     3                22.9
   64    42                29.9
   65    10                14.4
   65    87                14.9
   65    11                34.6
   65    58                40.7
   66     0                 9.2
   66    62                  25
   66    20                  26
   67     0                10.2
   67     7                14.1
   67    96                40.1
   68     4                 5.1
   68    43                17.3
   68    79                18.1
   69    37                 7.7
   69    63                25.1
   69    75                36.4
   70    51                  14
   70    86                15.5
   70    93                16.9
   71    13                 7.6
   71    59                  10
   71    51                  21
   72    15                15.4
   72    33                17.6
   72    99                24.2
   72    58                31.1
   73    85                 7.7
   73    44                 8.7
   73    38                15.1
   74    55                18.6
   74    60                20.7
   74    15                54.9
   75    45                 8.8
   75    34                15.8
   75    80                20.5
   75    69                36.4
   76    94                  11
   76    41                12.5
   76    16                25.9
   77    80                16.9
   77    61                26.5
   77    78                44.5
   78    40                 9.8
   78    16                20.9
   78    52                29.6
   78    77                44.5
   79    68                18.1
   79     9                34.7
   79    50               140.1
   80    77                16.9
   80    57                  17
   80    75                20.5
   80    40                38.3
   81    23                 3.4
   81    35                16.4
   82    15                 9.3
   82    30                19.4
   83    95                  15
   83    11                15.9
   83    84                22.8
   84    41                 4.2
   84    83                22.8
   84    47                26.6
   85    73                 7.7
   85     4                12.1
   86    59                 7.8
   86    70                15.5
   86    36                20.1
   87    27                11.3
   87    65                14.9
   87    95                16.5
   88    62                 8.6
   88    92                14.7
   89    31                 8.6
   89    90                21.7
   90    20                11.4
   90    12                20.9
   90    89                21.7
   91    32                15.8
   91    10                25.7
   92    60                 2.6
   92    88                14.7
   92    21                23.9
   93    70                16.9
   93    11                17.9
   93     8                22.9
   94    76                  11
   94    13                15.7
   95    83                  15
   95    87                16.5
   95    47                16.7
   96     3                22.7
   96    67                40.1
   97    57                 7.2
   97     3                41.8
   98    37                18.1
   98    17                26.6
   98    45                31.1
   99    56                12.4
   99    72                24.2
