432
    0    83                 8.5
    0    16                  31
    0    44                34.9
    1   101                11.8
    1   102                14.1
    1    66                16.2
    2    60                  13
    3    62                   8
    3    71                 9.2
    3    22                13.8
    4    10                17.6
    4    40                20.2
    4    97                25.4
    5   146                  11
    5    94                17.3
    5    96                22.3
    6   139                 5.6
    6    51                62.6
    7   139                 7.2
    7   147                14.6
    7    73                33.3
    8    23                 6.2
    8    45                14.8
    9    91                19.4
    9   113                  25
    9    90                26.3
    9    58                36.4
   10     4                17.6
   10    48                28.1
   10    35                34.4
   10    92                34.5
   11    73                17.9
   11   137                43.8
   12   148                   8
   12   121                 8.8
   12    48                18.3
   13    68                20.5
   13   149                  21
   13    57                21.7
   14    22                 5.5
   14   132                13.9
   14   113                  16
   14    21                34.7
   15    93                 3.9
   15   100                27.8
   15    90                32.1
   15    91                33.3
   16   140                  15
   16     0                  31
   16    65                40.5
   17    31                10.1
   17    74                26.5
   17    79                28.9
   18   125                10.7
   18   136                  17
   19   119                11.7
   19    37                  12
   19   131                25.1
   20   120                 9.6
   20   141                14.9
   21    59                 0.9
   21    61                 5.1
   21    85                15.1
   21    14                34.7
   22    14                 5.5
   22     3                13.8
   23   124                 5.2
   23     8                 6.2
   24   148                 4.7
   24    52                16.1
   24   144                19.1
   25   145                 5.5
   25    80                16.8
   25    94                17.6
   26   140                 9.1
   26    47                11.6
   26    44                47.7
   27    50                 1.6
   27    48                 9.5
   27    67                28.8
   27    53                33.4
   28    77                 8.1
   28    91                20.4
   29   112                   5
   29    40                 9.3
   30   122                 8.9
   30    85                14.2
   30    65                38.9
   31    81                 9.6
   31    17                10.1
   31    34                18.9
   31    33                33.4
   32    51                 8.9
   32    43                  47
   33    79                 9.5
   33    75                12.9
   33   124                33.1
   33    31                33.4
   34   125                 2.8
   34    31                18.9
   34    75                39.3
   35    76                24.7
   35   105                32.8
   35    10                34.4
   36    51                   6
   36   107                  11
   36    78                13.7
   37    19                  12
   37   114                19.2
   37    88                26.9
   37   117                27.4
   38    88                20.8
   38    70                23.4
   38    95                44.8
   39   129                10.9
   39   137                12.8
   39    43                17.2
   40    29                 9.3
   40    68                  14
   40    92                17.3
   40     4                20.2
   41   140                 4.9
   41   119                 7.4
   42    95                 5.9
   42    64                34.9
   43   147                14.7
   43    39                17.2
   43    32                  47
   44   132                13.5
   44    71                21.8
   44     0                34.9
   44    26                47.7
   45   106                  14
   45     8                14.8
   45    79                39.9
   46    54                 6.7
   46   108                  12
   46   102                14.6
   47    86                10.9
   47    26                11.6
   47   123                35.6
   48    27                 9.5
   48    12                18.3
   48    10                28.1
   49   116                 5.5
   49    53                 9.2
   50    27                 1.6
   50    76                28.2
   51    36                   6
   51    32                 8.9
   51     6                62.6
   52    92                 8.2
   52   104                15.3
   52    24                16.1
   53    49                 9.2
   53    84                17.9
   53    27                33.4
   54    46                 6.7
   54    66                27.6
   55   131                22.4
   55   119                28.5
   55    98                31.5
   56    82                13.9
   56   133                  20
   56   104                25.3
   57    96                 7.6
   57   146                  20
   57    13                21.7
   58   134                 5.2
   58    62                28.1
   58     9                36.4
   59    21                 0.9
   59   127                   8
   59   132                  30
   60   103                12.1
   60     2                  13
   61    21                 5.1
   61   110                14.3
   62     3                   8
   62    58                28.1
   62   133                43.5
   63    78                 8.3
   63   107                12.1
   63    74                26.7
   64   145                 3.6
   64    42                34.9
   65   103                 8.6
   65    30                38.9
   65    16                40.5
   66     1                16.2
   66    89                19.2
   66    54                27.6
   67   143                21.2
   67   118                24.8
   67    27                28.8
   67   116                41.8
   68   112                11.3
   68    40                  14
   68    13                20.5
   69    99                12.7
   69    80                22.2
   70    38                23.4
   71     3                 9.2
   71    44                21.8
   71   123                33.2
   72    80                12.5
   72   145                14.2
   72    95                  25
   72    88                  56
   73    11                17.9
   73     7                33.3
   74    17                26.5
   74    63                26.7
   74    85                  38
   75    33                12.9
   75   115                15.4
   75   111                29.9
   75    34                39.3
   76    84                13.3
   76    35                24.7
   76    50                28.2
   77   134                   6
   77   143                 7.4
   77    28                 8.1
   77   148                37.6
   78    63                 8.3
   78    36                13.7
   78   128                27.5
   79    33                 9.5
   79    17                28.9
   79    45                39.9
   80    72                12.5
   80    25                16.8
   80    69                22.2
   80   123                22.6
   81    31                 9.6
   81   128                15.9
   82    56                13.9
   82    96                14.6
   82    94                18.5
   83   122                 4.1
   83     0                 8.5
   84    76                13.3
   84    53                17.9
   85    30                14.2
   85    21                15.1
   85    74                  38
   86   114                 4.4
   86    47                10.9
   86   119                19.8
   87   130                10.5
   87   116                22.9
   88    38                20.8
   88    37                26.9
   88    72                  56
   89   137                14.6
   89   129                18.3
   89    66                19.2
   90   141                16.9
   90   109                17.6
   90     9                26.3
   90    15                32.1
   91   118                15.7
   91     9                19.4
   91    28                20.4
   91    15                33.3
   92    52                 8.2
   92   135                16.5
   92    40                17.3
   92    10                34.5
   93    15                 3.9
   93   126                14.2
   93   118                31.4
   93   130                40.1
   94   133                16.8
   94     5                17.3
   94    25                17.6
   94    82                18.5
   95    42                 5.9
   95    72                  25
   95    38                44.8
   96    57                 7.6
   96    82                14.6
   96   135                22.2
   96     5                22.3
   97   105                14.4
   97     4                25.4
   98   106                20.2
   98   103                25.6
   98    55                31.5
   99   114                  12
   99    69                12.7
  100   129                  17
  100   109                27.8
  100    15                27.8
  101   126                 7.3
  101     1                11.8
  101   129                14.9
  102     1                14.1
  102    46                14.6
  103    65                 8.6
  103    60                12.1
  103    98                25.6
  104   135                15.3
  104    52                15.3
  104   144                16.7
  104    56                25.3
  105    97                14.4
  105    35                32.8
  106    45                  14
  106    98                20.2
  106   142                  79
  107    36                  11
  107    63                12.1
  107   120                16.8
  108   130                 4.3
  108    46                  12
  108   126                34.8
  109    90                17.6
  109   120                24.3
  109   100                27.8
  110    61                14.3
  110   113                25.9
  111   124                   5
  111    75                29.9
  112    29                   5
  112    68                11.3
  113    14                  16
  113     9                  25
  113   110                25.9
  114    86                 4.4
  114    99                  12
  114    37                19.2
  115    75                15.4
  115   136                20.7
  116    49                 5.5
  116    87                22.9
  116    67                41.8
  117   131                20.3
  117    37                27.4
  118    91                15.7
  118    67                24.8
  118    93                31.4
  119    41                 7.4
  119    19                11.7
  119    86                19.8
  119    55                28.5
  120    20                 9.6
  120   107                16.8
  120   109                24.3
  121    12                 8.8
  121   138                10.9
  122    83                 4.1
  122   127                 6.5
  122    30                 8.9
  123   133                  19
  123    80                22.6
  123    71                33.2
  123    47                35.6
  124   111                   5
  124    23                 5.2
  124    33                33.1
  125    34                 2.8
  125    18                10.7
  126   101                 7.3
  126    93                14.2
  126   108                34.8
  127   122                 6.5
  127    59                   8
  128    81                15.9
  128    78                27.5
  129    39                10.9
  129   101                14.9
  129   100                  17
  129    89                18.3
  130   108                 4.3
  130    87                10.5
  130    93                40.1
  131   117                20.3
  131    55                22.4
  131    19                25.1
  132    44                13.5
  132    14                13.9
  132    59                  30
  133    94                16.8
  133   123                  19
  133    56                  20
  133    62                43.5
  134    58                 5.2
  134    77                   6
  134   144                36.2
  135   149                   2
  135   104                15.3
  135    92                16.5
  135    96                22.2
  136    18                  17
  136   115                20.7
  136   142                26.4
  137    39                12.8
  137    89                14.6
  137   147                  20
  137    11                43.8
  138   121                10.9
  138   143                15.8
  139     6                 5.6
  139     7                 7.2
  140    41                 4.9
  140    26                 9.1
  140    16                  15
  141    20                14.9
  141    90                16.9
  142   136                26.4
  142   106                  79
  143    77                 7.4
  143   138                15.8
  143    67                21.2
  144   104                16.7
  144    24                19.1
  144   134                36.2
  145    64                 3.6
  145    25                 5.5
  145    72                14.2
  146     5                  11
  146    57                  20
  147     7                14.6
  147    43                14.7
  147   137                  20
  148    24                 4.7
  148    12                   8
  148    77                37.6
  149   135                   2
  149    13                  21
