566
    0    14                 6.9
    0   176                19.8
    1    71                 9.1
    1   120                13.8
    1   136                25.5
    1   195                26.2
    2     4                13.4
    2     3                16.5
    2   130                39.5
    3   122                  13
    3     2                16.5
    4   145                 1.6
    4   175                10.5
    4     2                13.4
    5    55                13.5
    5    73                17.8
    5    92                18.7
    6   110                 7.4
    6    56                28.7
    7    78                  19
    7    53                19.3
    7    98                20.7
    7   168                49.6
    8    20                  10
    8   132                47.8
    9   107                17.2
    9   139                25.5
    9    79                  27
    9   156                39.6
   10   139                  14
   10   172                  23
   10   170                  39
   11   113                29.5
   11    31                40.2
   12   141                 7.3
   12   175                  12
   12   133                18.7
   13   184                 7.4
   13    47                  29
   14     0                 6.9
   14    84                11.3
   14    27                20.4
   15   101                 9.8
   15   102                16.1
   15   173                20.6
   16    61                 4.3
   16    17                18.9
   17    27                10.3
   17    16                18.9
   17    84                23.1
   17    74                  35
   18   158                 2.4
   18    32                 5.6
   19    35                11.6
   19   112                  15
   19   142                18.6
   20    81                 9.8
   20     8                  10
   20   160                26.2
   21   194                  24
   21    68                26.9
   21    34                30.3
   21    76                41.8
   22   148                13.4
   22    80                14.9
   22    79                52.6
   23    72                 8.1
   23   108                 8.7
   23   112                14.4
   24    72                11.5
   24   184                11.8
   25   119                  14
   25    39                16.4
   25   129                  25
   26    82                13.1
   26    67                17.3
   27    17                10.3
   27    14                20.4
   27    65                22.9
   28    56                   7
   28   165                 7.5
   29   179                 8.8
   29   150                 9.9
   30   143                 8.3
   30    67                20.5
   30    37                22.7
   31   137                 6.7
   31    11                40.2
   32    18                 5.6
   32    77                21.2
   33    42                21.7
   33    47                23.8
   34   124                21.5
   34   109                30.3
   34    21                30.3
   34    57                33.7
   35    19                11.6
   35    55                15.4
   36   155                 8.2
   36   127                  27
   37    30                22.7
   37   125                26.4
   37   187                28.3
   38   140                 3.9
   38   123                 5.9
   39    25                16.4
   39    94                20.4
   39   193                  24
   39    42                25.6
   40   122                 4.4
   40    98                 6.2
   41   135                 5.2
   41   182                16.3
   41   105                23.3
   42   134                13.7
   42    33                21.7
   42    39                25.6
   43    88                 8.6
   43    64                15.1
   43   179                19.8
   44   169                 4.5
   44    83                  15
   45   103                 9.4
   45   104                13.8
   45    85                  21
   45   199                38.4
   46    90                 5.1
   46    67                19.7
   47    94                 2.8
   47    33                23.8
   47    13                  29
   48   116                11.8
   48    75                15.1
   48   196                15.7
   49   146                 8.3
   49   191                15.2
   49   125                18.9
   50   147                 3.8
   50   161                21.9
   51   138                16.2
   51   174                21.9
   52   180                 8.4
   52   199                18.5
   53   142                 2.8
   53    92                 8.5
   53     7                19.3
   53    72                44.1
   54   180                   6
   54    75                17.3
   55   186                12.4
   55     5                13.5
   55    35                15.4
   55   142                27.5
   56    28                   7
   56    58                18.5
   56     6                28.7
   57   117                 4.6
   57   171                26.3
   57    34                33.7
   58    95                14.3
   58    56                18.5
   59    64                 6.5
   59   150                26.7
   59   157                31.6
   60    63                10.1
   60   182                14.2
   60    87                19.4
   61    16                 4.3
   61   119                11.7
   62   150                17.4
   62   126                20.1
   62    70                25.7
   63    60                10.1
   63   135                  24
   64    59                 6.5
   64   149                  13
   64    43                15.1
   65    77                 3.9
   65    27                22.9
   66   118                 9.4
   66    73                22.7
   66   116                38.5
   67    26                17.3
   67    46                19.7
   67    30                20.5
   68    97                 7.2
   68    83                18.9
   68    21                26.9
   68   109                49.9
   69   143                 8.1
   69    96                 9.3
   70   183                24.6
   70    62                25.7
   70   132                28.5
   71     1                 9.1
   71    85                10.2
   71   140                14.1
   72   168                 7.2
   72    23                 8.1
   72    24                11.5
   72    53                44.1
   73   162                15.3
   73   131                15.9
   73     5                17.8
   73   177                21.3
   73    66                22.7
   74   155                21.1
   74    17                  35
   74   172                37.8
   75    48                15.1
   75    54                17.3
   76   115                 8.1
   76   129                18.5
   76    21                41.8
   77    65                 3.9
   77    32                21.2
   77   172                23.5
   78    92                15.9
   78     7                  19
   78   106                30.2
   78   177                30.4
   79   178                23.2
   79     9                  27
   79    99                46.6
   79    22                52.6
   80   159                 8.1
   80    22                14.9
   81    20                 9.8
   81   138                10.4
   82   121                 2.3
   82    26                13.1
   83    44                  15
   83   151                15.2
   83    68                18.9
   84    14                11.3
   84    95                  19
   84    17                23.1
   84   134                41.3
   85   120                   3
   85    71                10.2
   85    45                  21
   86   170                 9.8
   86   194                12.9
   86   155                16.7
   87   160                 3.9
   87    60                19.4
   87   174                21.4
   88    43                 8.6
   88    99                13.5
   89   166                14.4
   89   101                26.6
   89    91                28.3
   90    46                 5.1
   90   195                29.9
   90   126                36.6
   90   198                36.6
   91   173                13.9
   91    89                28.3
   92    53                 8.5
   92    78                15.9
   92     5                18.7
   93   137                 9.1
   93   183                21.3
   94    47                 2.8
   94    39                20.4
   94   184                28.7
   95    58                14.3
   95   176                16.4
   95    84                  19
   95   185                40.2
   96    69                 9.3
   96   152                24.9
   97    68                 7.2
   97   169                14.7
   97   166                21.4
   98    40                 6.2
   98     7                20.7
   99   138                12.8
   99    88                13.5
   99    79                46.6
   99   105                54.9
  100   151                 6.2
  100   189                11.7
  100   194                17.2
  101   109                 5.3
  101    15                 9.8
  101    89                26.6
  102   131                13.3
  102    15                16.1
  103    45                 9.4
  103   153               116.3
  104   191                11.8
  104    45                13.8
  104   140                19.9
  105   159                11.6
  105    41                23.3
  105    99                54.9
  106   175                12.4
  106   114                24.6
  106    78                30.2
  106   122                33.9
  107   192                13.7
  107     9                17.2
  108    23                 8.7
  108   171                15.6
  108   193                23.2
  109   101                 5.3
  109   188                23.3
  109    34                30.3
  109    68                49.9
  110     6                 7.4
  110   185                19.2
  111   154                 3.1
  111   131                 5.6
  112    23                14.4
  112   171                14.7
  112    19                  15
  113   167                10.2
  113   187                13.5
  113    11                29.5
  114   116                  12
  114   177                15.6
  114   106                24.6
  115   117                 5.5
  115    76                 8.1
  115   193                27.6
  116    48                11.8
  116   114                  12
  116   144                15.6
  116    66                38.5
  117    57                 4.6
  117   115                 5.5
  118   154                 3.9
  118    66                 9.4
  118   136                21.9
  119    61                11.7
  119    25                  14
  119   134                18.5
  119   127                33.6
  120    85                   3
  120     1                13.8
  121    82                 2.3
  121   164                  11
  121   146                11.4
  122    40                 4.4
  122     3                  13
  122   106                33.9
  123    38                 5.9
  123   164                 7.1
  123   146                12.3
  124   186                 6.5
  124    34                21.5
  124   171                39.4
  125   181                14.9
  125    49                18.9
  125    37                26.4
  126    62                20.1
  126    90                36.6
  126   152                36.9
  127   129                11.4
  127    36                  27
  127   119                33.6
  128   150                20.2
  128   157                22.8
  128   198                35.1
  129   127                11.4
  129    76                18.5
  129    25                  25
  130   133                31.5
  130     2                39.5
  131   111                 5.6
  131   102                13.3
  131    73                15.9
  132   179                14.1
  132    70                28.5
  132     8                47.8
  133   190                 5.3
  133    12                18.7
  133   130                31.5
  134   185                 8.5
  134    42                13.7
  134   119                18.5
  134    84                41.3
  135    41                 5.2
  135    63                  24
  135   147                68.3
  136   118                21.9
  136     1                25.5
  136   199                34.2
  137    31                 6.7
  137    93                 9.1
  137   152                  16
  138    81                10.4
  138    99                12.8
  138    51                16.2
  139    10                  14
  139     9                25.5
  139   161                29.6
  139   158                36.9
  140    38                 3.9
  140    71                14.1
  140   104                19.9
  141   144                 7.1
  141    12                 7.3
  141   190                20.4
  142    53                 2.8
  142    19                18.6
  142    55                27.5
  143    69                 8.1
  143    30                 8.3
  144   141                 7.1
  144   175                13.8
  144   116                15.6
  145     4                 1.6
  146    49                 8.3
  146   121                11.4
  146   123                12.3
  147    50                 3.8
  147   163                 6.6
  147   135                68.3
  148   163                  10
  148    22                13.4
  148   192                14.1
  149   178                11.9
  149    64                  13
  150    29                 9.9
  150    62                17.4
  150   128                20.2
  150    59                26.7
  151   100                 6.2
  151    83                15.2
  151   178                43.4
  152   137                  16
  152    96                24.9
  152   126                36.9
  153   167                 5.7
  153   103               116.3
  154   111                 3.1
  154   118                 3.9
  155    36                 8.2
  155    86                16.7
  155    74                21.1
  156   189                 2.3
  156   170                  10
  156     9                39.6
  157   197                 4.3
  157   128                22.8
  157    59                31.6
  158    18                 2.4
  158   172                22.1
  158   139                36.9
  159    80                 8.1
  159   105                11.6
  160    87                 3.9
  160    20                26.2
  161    50                21.9
  161   192                24.3
  161   139                29.6
  162   188                 6.2
  162    73                15.3
  163   147                 6.6
  163   148                  10
  164   123                 7.1
  164   121                  11
  164   195                23.3
  165    28                 7.5
  166    89                14.4
  166   198                  20
  166    97                21.4
  167   153                 5.7
  167   113                10.2
  167   181                73.8
  168    72                 7.2
  168     7                49.6
  169    44                 4.5
  169    97                14.7
  169   197                18.6
  170    86                 9.8
  170   156                  10
  170    10                  39
  171   112                14.7
  171   108                15.6
  171    57                26.3
  171   124                39.4
  172   158                22.1
  172    10                  23
  172    77                23.5
  172    74                37.8
  173    91                13.9
  173    15                20.6
  173   195                24.7
  174   182                10.2
  174    87                21.4
  174    51                21.9
  175     4                10.5
  175    12                  12
  175   106                12.4
  175   144                13.8
  176    95                16.4
  176     0                19.8
  177   114                15.6
  177    73                21.3
  177    78                30.4
  178   149                11.9
  178    79                23.2
  178   197                32.7
  178   151                43.4
  179    29                 8.8
  179   132                14.1
  179    43                19.8
  180    54                   6
  180    52                 8.4
  181   125                14.9
  181   191                17.4
  181   167                73.8
  182   174                10.2
  182    60                14.2
  182    41                16.3
  183    93                21.3
  183    70                24.6
  184    13                 7.4
  184    24                11.8
  184    94                28.7
  185   134                 8.5
  185   110                19.2
  185    95                40.2
  186   124                 6.5
  186   188                10.5
  186    55                12.4
  187   113                13.5
  187    37                28.3
  188   162                 6.2
  188   186                10.5
  188   109                23.3
  189   156                 2.3
  189   100                11.7
  190   133                 5.3
  190   196                18.3
  190   141                20.4
  191   104                11.8
  191    49                15.2
  191   181                17.4
  192   107                13.7
  192   148                14.1
  192   161                24.3
  193   108                23.2
  193    39                  24
  193   115                27.6
  194    86                12.9
  194   100                17.2
  194    21                  24
  195   164                23.3
  195   173                24.7
  195     1                26.2
  195    90                29.9
  196    48                15.7
  196   190                18.3
  197   157                 4.3
  197   169                18.6
  197   178                32.7
  198   166                  20
  198   128                35.1
  198    90                36.6
  199    52                18.5
  199   136                34.2
  199    45                38.4
