566
    0   125                15.2
    0    39                15.4
    1   125                31.9
    1   199                34.9
    2    89                 4.7
    2    42                 8.1
    2    96                22.7
    3    84                10.2
    3    24                10.4
    3   150                15.3
    3   136                  17
    4   190                 5.9
    4   176                   8
    4   113                 8.7
    5    37                 8.3
    5   115                12.2
    5    71                20.5
    6    26                 8.9
    6   170                12.3
    7   183                11.8
    7   178                  15
    7   131                15.8
    7    49                  16
    8   192                 5.9
    8    48                 8.2
    9   154                 5.1
    9   136                 6.2
    9   161                  15
   10    36                13.4
   10   154                15.1
   10   123                  16
   11    35                12.6
   11    87                15.1
   12   138                18.3
   12   108                35.4
   13   101                20.8
   13    29                27.1
   13   149                  38
   13   100                39.1
   14   163                25.2
   14   193                  33
   14   127                37.5
   15   125                 3.8
   15   119                12.1
   15    76                30.6
   16   124                11.1
   16   171                15.7
   17   186                18.8
   17    40                27.2
   17    22                28.8
   18    23                11.1
   18   179                17.5
   18   119                28.1
   19   114                 6.6
   19    72                 6.8
   19    71                39.8
   20    65                10.6
   20   103                22.3
   20   147                31.1
   21   146                 4.6
   21   135                 5.9
   21   128                22.3
   22   130                   5
   22   181                  15
   22    17                28.8
   23    18                11.1
   23   196                24.3
   23   105                42.3
   24    34                 7.5
   24     3                10.4
   24   107                25.5
   25    78                 9.3
   25    96                10.9
   25   178                  22
   26    98                 7.5
   26     6                 8.9
   27   106                14.4
   27   162                14.9
   27   175                  18
   28   120                 7.3
   28   141                 8.5
   28    56                15.9
   28   137                29.4
   29   151                 9.6
   29   193                11.1
   29    13                27.1
   30   149                19.9
   30   100                  23
   30   199                26.6
   31   152                 7.1
   31   187                12.8
   31   176                26.4
   32    54                 7.1
   32    93                18.6
   32   106                  29
   33    90                 7.8
   33    88                 8.6
   33    50                12.6
   33    85                29.7
   34   170                 5.3
   34    24                 7.5
   34   161                10.2
   34   136                13.8
   35    92                 9.2
   35    11                12.6
   35   130                25.1
   36    62                 7.2
   36    10                13.4
   36   161                24.4
   37     5                 8.3
   37    95                18.8
   37   109                  19
   37   180                26.1
   38    97                13.8
   38   114                16.9
   38   150                34.1
   39     0                15.4
   39   108                  18
   39   119                20.2
   40   117                16.8
   40    54                25.9
   40    17                27.2
   40   191                36.9
   41    65                10.3
   41    66                16.7
   41    69                  18
   42   148                 4.8
   42   116                 5.6
   42     2                 8.1
   43   198                11.8
   43    55                15.5
   43   124                17.2
   44   182                 8.5
   44    91                28.9
   44   152                30.8
   45    75                11.6
   45    48                11.7
   45   105                17.9
   46    64                18.5
   46    85                33.3
   46   157                43.6
   47    67                   6
   47    72                  31
   48     8                 8.2
   48    45                11.7
   49     7                  16
   49   156                16.2
   50    33                12.6
   50    81                18.3
   50    74                45.2
   51    80                 8.9
   51   134                  13
   51   180                14.4
   52   145                14.1
   52    85                19.8
   53    71                23.3
   53   176                33.9
   53   150                34.2
   53   134                36.1
   54    32                 7.1
   54    40                25.9
   54   186                28.1
   55   153                  12
   55    43                15.5
   56   158                10.7
   56    28                15.9
   56   113                  42
   57   185                 3.9
   57   188                11.6
   57   181                23.5
   58    81                14.4
   58    90                  15
   59   181                 9.6
   59   117                13.6
   59   147                20.4
   60   112                 9.6
   60   121                37.6
   61   149                18.3
   61   151                19.1
   61   160                19.8
   61    94                23.3
   62    36                 7.2
   62   129                  16
   62   101                28.2
   63   130                   6
   63   165                10.3
   64   145                15.8
   64    46                18.5
   64   173                29.5
   65    41                10.3
   65    20                10.6
   65   117                40.6
   66    83                12.3
   66    41                16.7
   67   111                 5.4
   67    47                   6
   67   184                 9.5
   68   140                 9.1
   68   184                17.5
   68   172                19.7
   69   191                 6.1
   69    41                  18
   69   105                30.1
   70   138                 6.1
   70    78                13.1
   70   144                15.6
   71    73                13.8
   71     5                20.5
   71    53                23.3
   71    19                39.8
   72    19                 6.8
   72   133                  23
   72    47                  31
   73   180                 1.7
   73    71                13.8
   74   185                11.2
   74   171                19.4
   74    50                45.2
   75    45                11.6
   75   196                25.4
   76   100                15.1
   76    15                30.6
   77   166                 8.3
   77   139                  25
   78    25                 9.3
   78    70                13.1
   78   142                  18
   79    94                13.6
   79    86                  20
   79   160                29.6
   80    51                 8.9
   80   157                17.5
   80    95                32.2
   81   102                  14
   81    58                14.4
   81    50                18.3
   82   188                15.5
   82    91                25.2
   82    99                66.1
   83   195                 5.3
   83   137                 6.9
   83    66                12.3
   84     3                10.2
   84   158                19.4
   84   190                26.2
   85   169                10.3
   85    52                19.8
   85    33                29.7
   85    46                33.3
   86    79                  20
   87    11                15.1
   87   186                30.6
   88    33                 8.6
   88   185                55.1
   89     2                 4.7
   89   148                11.1
   89   142                19.5
   90    33                 7.8
   90    58                  15
   90   169                23.8
   91    82                25.2
   91    44                28.9
   92    35                 9.2
   92   153                  11
   92   165                25.1
   93    32                18.6
   93   131                38.1
   93   191                39.3
   93   197                56.1
   94   127                10.7
   94    79                13.6
   94    61                23.3
   94   193                31.9
   95    37                18.8
   95   139                20.1
   95    80                32.2
   96    25                10.9
   96   121                12.3
   96     2                22.7
   97   184                13.1
   97    38                13.8
   97   172                18.8
   98    26                 7.5
   98   107                10.4
   98   140                27.2
   99   187                14.2
   99   103                33.1
   99    82                66.1
  100    76                15.1
  100    30                  23
  100   155                30.4
  100    13                39.1
  101   122                16.4
  101    13                20.8
  101    62                28.2
  101   163                64.7
  102   168                 5.7
  102    81                  14
  103   195                17.7
  103    20                22.3
  103    99                33.1
  104   113                 4.3
  104   187                12.2
  104   141                38.1
  105    45                17.9
  105   137                27.5
  105    69                30.1
  105    23                42.3
  106    27                14.4
  106   186                  18
  106    32                  29
  107    98                10.4
  107   172                  12
  107    24                25.5
  108    39                  18
  108   159                23.5
  108    12                35.4
  109   126                 1.6
  109    37                  19
  109   166                27.6
  110   173                 5.9
  110   134                  10
  110   194                16.2
  111    67                 5.4
  111   164                10.3
  112    60                 9.6
  112   116                12.9
  113   104                 4.3
  113     4                 8.7
  113    56                  42
  114    19                 6.6
  114   164                 9.8
  114    38                16.9
  115   126                 9.2
  115     5                12.2
  115   133                16.9
  116    42                 5.6
  116   112                12.9
  117    59                13.6
  117    40                16.8
  117    65                40.6
  118   194                 2.1
  118   176                29.1
  119    15                12.1
  119    39                20.2
  119    18                28.1
  119   131               102.1
  120    28                 7.3
  120   123                18.8
  120   154                26.9
  121   183                 6.3
  121    96                12.3
  121    60                37.6
  122   101                16.4
  122   129                21.2
  122   155                26.3
  123   192                 9.3
  123    10                  16
  123   120                18.8
  124    16                11.1
  124   165                17.2
  124    43                17.2
  125    15                 3.8
  125     0                15.2
  125     1                31.9
  126   109                 1.6
  126   167                 6.9
  126   115                 9.2
  127    94                10.7
  127    14                37.5
  128    21                22.3
  128   143                26.3
  129   192                14.9
  129    62                  16
  129   122                21.2
  129   196                  32
  130    22                   5
  130    63                   6
  130    35                25.1
  131     7                15.8
  131   175                25.6
  131    93                38.1
  131   119               102.1
  132   174                  16
  132   194                16.8
  132   152                19.1
  133   115                16.9
  133    72                  23
  134   110                  10
  134    51                  13
  134    53                36.1
  135    21                 5.9
  135   143                  27
  135   171                31.4
  136   158                 6.1
  136     9                 6.2
  136    34                13.8
  136     3                  17
  137    83                 6.9
  137   105                27.5
  137    28                29.4
  138   189                   5
  138    70                 6.1
  138    12                18.3
  139    95                20.1
  139    77                  25
  140   177                 3.2
  140    68                 9.1
  140    98                27.2
  141    28                 8.5
  141   195                20.4
  141   104                38.1
  142   144                 7.6
  142    78                  18
  142    89                19.5
  143   168                18.2
  143   128                26.3
  143   135                  27
  144   142                 7.6
  144    70                15.6
  145   174                   8
  145    52                14.1
  145    64                15.8
  146    21                 4.6
  147    59                20.4
  147   188                25.9
  147    20                31.1
  148    42                 4.8
  148    89                11.1
  149    61                18.3
  149    30                19.9
  149    13                  38
  150     3                15.3
  150    38                34.1
  150    53                34.2
  151    29                 9.6
  151    61                19.1
  152    31                 7.1
  152   132                19.1
  152    44                30.8
  153    92                  11
  153    55                  12
  154     9                 5.1
  154    10                15.1
  154   120                26.9
  155   196                13.6
  155   122                26.3
  155   100                30.4
  156   175                 8.4
  156    49                16.2
  157    80                17.5
  157   173                17.7
  157    46                43.6
  158   136                 6.1
  158    56                10.7
  158    84                19.4
  159   108                23.5
  159   189                33.3
  160    61                19.8
  160    79                29.6
  160   199                36.6
  161    34                10.2
  161     9                  15
  161    36                24.4
  162    27                14.9
  163    14                25.2
  163   177                  42
  163   101                64.7
  164   114                 9.8
  164   111                10.3
  165    63                10.3
  165   124                17.2
  165    92                25.1
  165   185                30.6
  166    77                 8.3
  166   109                27.6
  167   126                 6.9
  168   102                 5.7
  168   143                18.2
  169    85                10.3
  169    90                23.8
  170    34                 5.3
  170     6                12.3
  171    16                15.7
  171    74                19.4
  171   135                31.4
  171   198                33.9
  172   107                  12
  172    97                18.8
  172    68                19.7
  173   110                 5.9
  173   157                17.7
  173    64                29.5
  174   145                   8
  174   182                 9.8
  174   132                  16
  175   156                 8.4
  175    27                  18
  175   131                25.6
  176     4                   8
  176    31                26.4
  176   118                29.1
  176    53                33.9
  177   140                 3.2
  177   163                  42
  178     7                  15
  178    25                  22
  179   197                14.6
  179    18                17.5
  180    73                 1.7
  180    51                14.4
  180    37                26.1
  181    59                 9.6
  181    22                  15
  181    57                23.5
  182    44                 8.5
  182   174                 9.8
  183   121                 6.3
  183     7                11.8
  184    67                 9.5
  184    97                13.1
  184    68                17.5
  185    57                 3.9
  185    74                11.2
  185   165                30.6
  185    88                55.1
  186   106                  18
  186    17                18.8
  186    54                28.1
  186    87                30.6
  187   104                12.2
  187    31                12.8
  187    99                14.2
  188    57                11.6
  188    82                15.5
  188   147                25.9
  189   138                   5
  189   159                33.3
  190     4                 5.9
  190    84                26.2
  191    69                 6.1
  191    40                36.9
  191    93                39.3
  192     8                 5.9
  192   123                 9.3
  192   129                14.9
  193    29                11.1
  193    94                31.9
  193    14                  33
  194   118                 2.1
  194   110                16.2
  194   132                16.8
  195    83                 5.3
  195   103                17.7
  195   141                20.4
  196   155                13.6
  196    23                24.3
  196    75                25.4
  196   129                  32
  197   179                14.6
  197    93                56.1
  198    43                11.8
  198   171                33.9
  199    30                26.6
  199     1                34.9
  199   160                36.6
