580
    0   113                11.5
    0    66                14.7
    0   160                19.6
    0    50                28.6
    1    12                 7.9
    1     2                17.9
    1   116                38.1
    1   178                53.5
    2   125                10.4
    2     1                17.9
    2    16                48.7
    3    54                14.9
    3   163                15.3
    3   123                36.6
    4   123                 9.2
    4   170                  20
    4    72                40.8
    5    79                 9.7
    5   176                10.2
    5    78                23.8
    5    76                30.1
    6    52                 8.4
    6    19                22.9
    6   179                27.9
    6   119                45.2
    7    87                25.7
    7   191                69.6
    8   128                 4.7
    8    93                13.4
    9    34                12.8
    9   169                19.6
    9   167                28.6
   10   100                11.6
   10   157                  30
   10   136                39.7
   11    95                12.1
   11    85                16.6
   11    78                20.8
   11    89                33.1
   12     1                 7.9
   12   167                23.2
   12   142                29.8
   12    34                33.4
   13   161                 2.2
   13    95                 4.5
   13    80                28.6
   14    51                17.7
   14   130                26.9
   14   178                88.3
   15    49                 6.2
   15   194                 9.6
   16   178                   7
   16     2                48.7
   17   190                 5.6
   17    76                17.4
   17   114                27.8
   18   141                11.5
   18   125                25.2
   19    44                18.7
   19     6                22.9
   19   132                29.9
   20    75                20.4
   20   150                21.8
   20    53                34.6
   20    80                37.4
   21   169                24.4
   21    47                29.7
   22   138                22.2
   22    70                23.7
   22   133                28.6
   23   186                 9.3
   23   103                18.2
   24    56                  12
   24   119                12.1
   25   114                  14
   25    53                17.6
   26   115                12.7
   26    57                  22
   27   108                10.7
   27   133                  19
   27    38                30.5
   28   133                23.1
   28    38                37.3
   29    89                11.6
   29    41                12.3
   29   108                22.4
   30    69                 7.4
   30   106                 7.6
   30    91                31.9
   31   153                 0.4
   31   109                12.6
   32   147                  12
   32   151                15.4
   33   135                 2.7
   33   106                 7.8
   33    77                26.4
   34   183                 6.1
   34     9                12.8
   34    97                25.8
   34    12                33.4
   35    65                 8.9
   35   110                14.2
   35   136                37.1
   35    50                40.9
   36    74                13.7
   36    81                16.1
   37   145                   3
   37    98                21.5
   37   199                34.1
   38    41                  14
   38    49                28.9
   38    27                30.5
   38    28                37.3
   39    64                 9.2
   39   132                10.1
   39   185                11.8
   40   171                12.2
   40   136                19.3
   40    47                22.2
   40   149                22.4
   41    92                10.2
   41    29                12.3
   41    38                  14
   42   161                10.8
   42   120                12.4
   42   163                16.8
   43    78                17.5
   43   128                17.8
   43   188                  18
   44    63                 4.9
   44   154                16.1
   44    19                18.7
   45   143                 6.7
   45    60                18.5
   46   117                20.3
   46    55                24.5
   46    81                26.3
   47    40                22.2
   47    83                22.8
   47    21                29.7
   48   128                 4.9
   48    70                 7.9
   49    15                 6.2
   49    38                28.9
   50   148                14.2
   50     0                28.6
   50    35                40.9
   51    82                 4.7
   51    14                17.7
   51   164                25.9
   52    99                 5.6
   52     6                 8.4
   52    60                23.4
   52    98                27.1
   53   165                   3
   53    25                17.6
   53    20                34.6
   54    90                 2.4
   54   170                 7.6
   54     3                14.9
   55   146                 6.3
   55    46                24.5
   55    94                36.6
   56   162                 6.5
   56    24                  12
   56    58                12.4
   57   195                15.5
   57    26                  22
   58    88                 7.7
   58   119                 9.1
   58    56                12.4
   59   137                12.2
   59   153                13.1
   59    86                19.2
   60   134                 5.6
   60    45                18.5
   60    52                23.4
   61   189                 6.8
   61    79                24.4
   61    76                25.4
   61   121                  37
   62    88                 2.1
   62    96                12.8
   63    44                 4.9
   63    88                33.2
   63   171                34.2
   64    39                 9.2
   64    72                29.5
   65    35                 8.9
   65    66                72.2
   66     0                14.7
   66   115                24.8
   66    65                72.2
   67   140                 7.8
   67   139                  17
   67    93                44.1
   68   197                 6.2
   68   172                 6.4
   68   112                28.7
   69    30                 7.4
   69   135                13.8
   69    84                22.4
   70   196                 6.2
   70    48                 7.9
   70    22                23.7
   71   182                 5.2
   71   198                20.3
   71   189                29.1
   72   154                22.4
   72    83                  24
   72    64                29.5
   72     4                40.8
   73   126                11.9
   73   187                13.8
   74   146                 2.3
   74    36                13.7
   75    20                20.4
   75    76                21.2
   75   176                26.8
   75   114                32.9
   76    17                17.4
   76    75                21.2
   76    61                25.4
   76     5                30.1
   77   168                 5.5
   77   155                 7.9
   77    33                26.4
   78    43                17.5
   78    11                20.8
   78     5                23.8
   79     5                 9.7
   79   188                12.1
   79    61                24.4
   80   176                 9.4
   80   163                14.1
   80    13                28.6
   80    20                37.4
   81    36                16.1
   81   140                25.2
   81    46                26.3
   82    51                 4.7
   82   103                16.3
   83   149                15.4
   83    47                22.8
   83    72                  24
   83   105                24.1
   84   180                13.9
   84    69                22.4
   84   152                  26
   84   161                31.5
   85   108                12.7
   85   196                  13
   85    11                16.6
   86   106                 8.5
   86    59                19.2
   87   144                  24
   87     7                25.7
   88    62                 2.1
   88    58                 7.7
   88    63                33.2
   89   175                 9.5
   89   180                10.3
   89    29                11.6
   89    11                33.1
   90    54                 2.4
   90   150                 8.6
   90   105                31.5
   91   152                14.2
   91   123                14.8
   91    30                31.9
   92    41                10.2
   92   175                15.9
   92   194                40.8
   93   166                11.8
   93     8                13.4
   93   117                22.6
   93    67                44.1
   94   198                 6.9
   94   182                15.3
   94    55                36.6
   95   101                 1.2
   95    13                 4.5
   95    11                12.1
   96   131                12.2
   96    62                12.8
   96   162                19.4
   97   142                  22
   97    34                25.8
   97   112                50.5
   98   132                17.2
   98    37                21.5
   98    52                27.1
   99    52                 5.6
   99   159                14.6
   99   134                20.9
  100    10                11.6
  100   169                22.2
  101    95                 1.2
  101   180                28.6
  102   169                 8.4
  102   165                10.7
  102   183                18.3
  103    82                16.3
  103    23                18.2
  103   198                20.9
  104   185                 7.6
  104   199                18.6
  104   184                22.9
  105    83                24.1
  105    90                31.5
  105   165                58.3
  106    30                 7.6
  106    33                 7.8
  106    86                 8.5
  107   189                 9.4
  107   190                  15
  107   197                16.4
  108    27                10.7
  108    85                12.7
  108    29                22.4
  109   137                11.5
  109    31                12.6
  109   156                  15
  110    35                14.2
  110   177                  19
  110   162                21.9
  111   142                19.8
  111   178                27.3
  111   124                29.7
  112   124                13.7
  112   147                22.1
  112    68                28.7
  112    97                50.5
  113   157                 9.5
  113     0                11.5
  113   148                  32
  114    25                  14
  114    17                27.8
  114    75                32.9
  115    26                12.7
  115   160                15.7
  115    66                24.8
  115   125                  50
  116   160                10.3
  116   157                22.5
  116     1                38.1
  117   121                 8.1
  117    46                20.3
  117    93                22.6
  118   186                34.1
  119    58                 9.1
  119    24                12.1
  119   192                  23
  119     6                45.2
  120    42                12.4
  120   152                20.1
  121   117                 8.1
  121   166                19.8
  121   182                22.8
  121    61                  37
  122   158                   4
  122   179                16.1
  122   159                20.2
  123     4                 9.2
  123    91                14.8
  123   184                19.1
  123     3                36.6
  124   112                13.7
  124   174                18.6
  124   111                29.7
  125     2                10.4
  125    18                25.2
  125   115                  50
  126    73                11.9
  126   144                16.3
  127   155                20.4
  127   191                25.8
  127   129                  39
  128     8                 4.7
  128    48                 4.9
  128    43                17.8
  129   156                11.3
  129   127                  39
  129   181                45.1
  130   147                14.5
  130   164                22.5
  130    14                26.9
  130   197                34.9
  131   177                10.7
  131    96                12.2
  132    39                10.1
  132    98                17.2
  132    19                29.9
  133    27                  19
  133    28                23.1
  133    22                28.6
  134    60                 5.6
  134    99                20.9
  134   158                40.2
  135    33                 2.7
  135    69                13.8
  135   173                31.6
  136    40                19.3
  136   148                34.1
  136    35                37.1
  136    10                39.7
  137   109                11.5
  137    59                12.2
  137   184                41.9
  138   139                 3.5
  138    22                22.2
  139   138                 3.5
  139    67                  17
  140    67                 7.8
  140    81                25.2
  141    18                11.5
  141   195                12.2
  142   111                19.8
  142    97                  22
  142    12                29.8
  143   145                   3
  143    45                 6.7
  143   181                14.5
  144   194                10.7
  144   126                16.3
  144    87                  24
  145   143                   3
  145    37                   3
  146    74                 2.3
  146    55                 6.3
  146   186                28.5
  147    32                  12
  147   130                14.5
  147   112                22.1
  148    50                14.2
  148   113                  32
  148   136                34.1
  149    83                15.4
  149   154                18.4
  149    40                22.4
  150    90                 8.6
  150    20                21.8
  151   174                 7.9
  151    32                15.4
  152    91                14.2
  152   120                20.1
  152    84                  26
  153    31                 0.4
  153    59                13.1
  153   155                20.2
  154    44                16.1
  154   149                18.4
  154    72                22.4
  155    77                 7.9
  155   153                20.2
  155   127                20.4
  156   129                11.3
  156   109                  15
  156   199                29.1
  157   113                 9.5
  157   167                19.8
  157   116                22.5
  157    10                  30
  158   122                   4
  158   134                40.2
  159    99                14.6
  159   122                20.2
  160   116                10.3
  160   115                15.7
  160     0                19.6
  161    13                 2.2
  161    42                10.8
  161    84                31.5
  162    56                 6.5
  162    96                19.4
  162   110                21.9
  163    80                14.1
  163     3                15.3
  163    42                16.8
  164   198                12.9
  164   130                22.5
  164    51                25.9
  165    53                   3
  165   102                10.7
  165   105                58.3
  166    93                11.8
  166   121                19.8
  166   188                24.4
  167   157                19.8
  167    12                23.2
  167     9                28.6
  168    77                 5.5
  168   173                 7.6
  168   191                26.9
  169   102                 8.4
  169     9                19.6
  169   100                22.2
  169    21                24.4
  170    54                 7.6
  170     4                  20
  171    40                12.2
  171   177                  18
  171    63                34.2
  172    68                 6.4
  172   193                 8.6
  173   168                 7.6
  173   187                  27
  173   135                31.6
  174   151                 7.9
  174   124                18.6
  175    89                 9.5
  175    92                15.9
  176    80                 9.4
  176     5                10.2
  176    75                26.8
  177   131                10.7
  177   171                  18
  177   110                  19
  178    16                   7
  178   111                27.3
  178     1                53.5
  178    14                88.3
  179   122                16.1
  179     6                27.9
  179   192                28.7
  180    89                10.3
  180    84                13.9
  180   101                28.6
  181   143                14.5
  181   129                45.1
  182    71                 5.2
  182    94                15.3
  182   121                22.8
  183    34                 6.1
  183   102                18.3
  183   193                  64
  184   123                19.1
  184   104                22.9
  184   137                41.9
  185   104                 7.6
  185    39                11.8
  186    23                 9.3
  186   146                28.5
  186   118                34.1
  187    73                13.8
  187   173                  27
  188    79                12.1
  188    43                  18
  188   166                24.4
  189    61                 6.8
  189   107                 9.4
  189    71                29.1
  190   193                 2.6
  190    17                 5.6
  190   107                  15
  191   127                25.8
  191   168                26.9
  191     7                69.6
  192   119                  23
  192   179                28.7
  193   190                 2.6
  193   172                 8.6
  193   183                  64
  194    15                 9.6
  194   144                10.7
  194    92                40.8
  195   141                12.2
  195    57                15.5
  196    70                 6.2
  196    85                  13
  197    68                 6.2
  197   107                16.4
  197   130                34.9
  198    94                 6.9
  198   164                12.9
  198    71                20.3
  198   103                20.9
  199   104                18.6
  199   156                29.1
  199    37                34.1
