734
    0   179                14.1
    0     7                28.7
    0   239                39.5
    1   175                13.5
    1   226                15.1
    1    31                17.3
    1    28                18.1
    2     8                16.7
    2   150                21.6
    2   176                34.6
    3    54                 1.8
    3   101                 4.2
    3    62                48.1
    4    25                 5.3
    4   202                 5.3
    4    20                12.7
    5   129                11.7
    5   243                12.3
    5    45                  24
    6    35                 4.1
    6   160                 6.6
    7    82                23.3
    7     0                28.7
    7   248                38.1
    8    86                11.7
    8     2                16.7
    8    22                  17
    9   104                11.1
    9   102                  15
    9   196                23.8
   10   222                  10
   10    77                13.4
   10   178                15.6
   11   193                10.2
   11   187                11.3
   11    81                13.9
   12   185                12.6
   12   135                13.8
   12   217                16.2
   13   244                 3.1
   13   187                11.4
   13   212                54.6
   14    17                13.5
   14    83                  21
   14   233                32.5
   15    89                 4.5
   15   100                12.8
   15   225                30.5
   16    60                 7.1
   16   205                15.1
   17    14                13.5
   17   227                21.1
   17    46                30.8
   17   246                56.6
   18   219                  17
   18   187                23.8
   18   115                32.2
   18    74                36.2
   19    63                15.6
   19   245                19.9
   19    72                27.5
   20   183                 7.8
   20     4                12.7
   20    35                14.7
   20   154                28.5
   21   130                21.3
   21    39                22.4
   22     8                  17
   22   122                19.3
   22    38                22.5
   23   123                 3.3
   23   156                36.2
   24   143                10.9
   24   146                11.1
   24    50                12.8
   25     4                 5.3
   25   230                17.3
   25    72                  47
   26   221                 7.9
   26   116                13.6
   27   229                16.1
   27   120                22.3
   28   203                 9.1
   28     1                18.1
   28   105                23.5
   29    84                21.4
   29   191                28.2
   29   220                45.5
   30    43                10.9
   30   166                  11
   30   161                55.8
   31   124                17.2
   31     1                17.3
   31   119                21.6
   32    53                 8.5
   32   110                24.7
   32   247                27.7
   33   170                 7.6
   33    44                 7.9
   33   106                21.5
   34    37                 7.6
   34   215                  16
   34   169                18.2
   35     6                 4.1
   35    73                10.7
   35    20                14.7
   36   241                10.4
   36    84                17.9
   36   172                35.4
   37    34                 7.6
   37    93                10.2
   37   144                21.6
   38    58                 9.3
   38    76                22.1
   38    22                22.5
   39    58                 9.7
   39   122                19.8
   39    21                22.4
   40   171                10.9
   40   184                19.7
   40    64                22.7
   41   121                 4.7
   41   176                10.2
   41   219                21.5
   42   169                  23
   42    70                23.9
   42    60                  24
   42    90                31.1
   42   162                  38
   43   218                 7.3
   43    30                10.9
   44    33                 7.9
   44   124                24.8
   44    97                26.1
   44    69                38.6
   45    98                   6
   45   180                20.5
   45     5                  24
   46   239                 7.8
   46   182                26.3
   46    17                30.8
   46   153                38.5
   47   181                 2.8
   47    82                47.1
   48   161                 0.3
   48    78                 7.9
   48    85                19.4
   49   169                10.5
   49    70                21.4
   49   215                27.7
   50    95                 9.6
   50    24                12.8
   50   111                23.3
   51    66                 4.9
   51   130                23.4
   51    58                37.4
   52    78                19.8
   52   152                26.6
   52   159                29.6
   53    71                 5.5
   53    32                 8.5
   53   142                30.7
   54     3                 1.8
   54   248                 9.3
   54    82                31.3
   55   246                20.7
   55   134                24.2
   55   227                51.9
   56   201                 7.9
   56   188                 8.9
   56   124                11.8
   56   214                27.6
   57    65                 6.6
   57   132                 8.5
   57    77                  21
   57   105                28.2
   58    38                 9.3
   58    39                 9.7
   58    51                37.4
   59   240                 4.3
   59   221                11.2
   59    87                30.8
   60    16                 7.1
   60   200                22.5
   60    42                  24
   61   214                13.1
   61   204                15.7
   61   188                20.9
   62   197                 8.8
   62   175                24.6
   62     3                48.1
   63   249                12.6
   63   230                13.3
   63    19                15.6
   64   113                  15
   64    40                22.7
   64    91                  25
   65    57                 6.6
   65   194                13.7
   66    51                 4.9
   66   103                17.8
   66   158                55.6
   67   206                 0.4
   67    99                34.1
   67   157                40.9
   68   145                 8.3
   68   184                10.7
   69   175                19.1
   69   101                  30
   69    44                38.6
   70   200                 6.9
   70    49                21.4
   70    42                23.9
   71    53                 5.5
   71   241                14.3
   71   159                21.4
   72   117                16.3
   72    19                27.5
   72    25                  47
   73   183                 8.7
   73    35                10.7
   73   206                43.3
   74   225                 6.6
   74   234                18.4
   74    18                36.2
   75   118                 2.1
   75   212                10.5
   75   131                23.1
   76   103                10.7
   76   121                11.7
   76    38                22.1
   77   210                 6.2
   77    10                13.4
   77    57                  21
   78    48                 7.9
   78    52                19.8
   79   232                 7.6
   79   116                15.8
   79   192                  57
   80    97                 7.4
   80   242                  10
   80   170                17.4
   81   112                10.5
   81    11                13.9
   81   236                49.9
   82   125                15.7
   82     7                23.3
   82    54                31.3
   82    47                47.1
   83   133                10.8
   83    14                  21
   84    36                17.9
   84    29                21.4
   84   142                25.8
   85    48                19.4
   85   155                24.6
   86   149                11.4
   86     8                11.7
   86   128                34.1
   86    90                46.3
   87   235                25.9
   87   163                27.6
   87   141                30.3
   87    59                30.8
   88   231                15.6
   88   241                18.2
   88   166                30.2
   89    15                 4.5
   89   211                11.8
   89   167                17.6
   90    93                11.5
   90   150                14.4
   90    42                31.1
   90    86                46.3
   91    98                 2.8
   91    64                  25
   91   123                40.1
   92   183                11.3
   92   216                22.2
   92   197                28.7
   93    37                10.2
   93    90                11.5
   94   209                   9
   94   204                17.5
   95   129                 6.3
   95    50                 9.6
   96   220                 3.6
   96   148                13.7
   96   174                49.1
   97    80                 7.4
   97   214                18.8
   97    44                26.1
   98    91                 2.8
   98    45                   6
   98   156                20.4
   98   129                29.4
   99   160                15.9
   99   138                26.6
   99    67                34.1
  100    15                12.8
  100   207                  19
  100   131                20.1
  101     3                 4.2
  101   125                  23
  101    69                  30
  102   177                12.3
  102     9                  15
  102   120                  19
  103   199                 3.6
  103    76                10.7
  103    66                17.8
  104     9                11.1
  104   131                13.8
  105   195                15.7
  105    28                23.5
  105   109                23.9
  105    57                28.2
  106   125                 2.9
  106    33                21.5
  107   228                17.1
  107   164                26.2
  108   110                15.8
  108   247                18.5
  108   135                20.4
  109   154                 7.2
  109   216                11.2
  109   105                23.9
  110   108                15.8
  110    32                24.7
  110   217                31.9
  111   156                 7.1
  111   158                 7.3
  111    50                23.3
  112    81                10.5
  112   187                16.1
  112   140                34.3
  113   192                 9.1
  113   145                10.1
  113    64                  15
  113   123                  37
  114   213                 9.9
  114   123                19.3
  114   130                20.6
  115   118                12.8
  115   207                20.6
  115    18                32.2
  116    26                13.6
  116    79                15.8
  116   237                24.5
  116   235                29.8
  117    72                16.3
  117   136                20.4
  117   194                20.8
  118    75                 2.1
  118   115                12.8
  119   201                12.9
  119    31                21.6
  119   195                23.5
  120   165                15.8
  120   102                  19
  120    27                22.3
  120   167                22.4
  121    41                 4.7
  121   199                10.6
  121    76                11.7
  122   128                 7.7
  122    22                19.3
  122    39                19.8
  123    23                 3.3
  123   114                19.3
  123   113                  37
  123    91                40.1
  124    56                11.8
  124    31                17.2
  124    44                24.8
  125   106                 2.9
  125    82                15.7
  125   101                  23
  126   209                 7.8
  126   188                24.7
  126   178                31.5
  127   243                10.9
  127   129                14.8
  127   137                16.4
  128   122                 7.7
  128    86                34.1
  128   213                80.9
  129    95                 6.3
  129     5                11.7
  129   127                14.8
  129    98                29.4
  130   114                20.6
  130    21                21.3
  130    51                23.4
  131   104                13.8
  131   167                14.8
  131   100                20.1
  131    75                23.1
  131   168                28.6
  132    57                 8.5
  132   210                19.7
  132   208                23.4
  133   223                 9.3
  133    83                10.8
  133   179                11.4
  134   157                 6.9
  134   143                24.1
  134    55                24.2
  135    12                13.8
  135   108                20.4
  136   117                20.4
  136   161                23.1
  136   245                47.2
  137   127                16.4
  137   227                20.3
  137   143                45.2
  137   153                59.6
  138   173                21.4
  138   164                22.8
  138   140                24.3
  138    99                26.6
  139   149                   8
  140   157                  18
  140   138                24.3
  140   112                34.3
  141   153                27.8
  141    87                30.3
  142   247                13.6
  142    84                25.8
  142    53                30.7
  143    24                10.9
  143   134                24.1
  143   137                45.2
  144   229                 8.9
  144   211                 9.6
  144    37                21.6
  145    68                 8.3
  145   113                10.1
  146   236                 7.9
  146    24                11.1
  146   158                12.7
  146   199                70.5
  147   233                15.9
  147   246                  20
  147   197                32.1
  147   248                52.9
  148   189                 8.7
  148   224                 8.9
  148    96                13.7
  149   162                 4.2
  149   139                   8
  149    86                11.4
  150    90                14.4
  150   225                17.2
  150     2                21.6
  150   219                58.4
  151   224                 7.4
  151   189                 7.9
  151   177                26.4
  152    52                26.6
  152   217                28.8
  153   141                27.8
  153    46                38.5
  153   137                59.6
  154   109                 7.2
  154    20                28.5
  154   194                37.7
  155   208                14.4
  155    85                24.6
  156   111                 7.1
  156    98                20.4
  156    23                36.2
  157   134                 6.9
  157   140                  18
  157    67                40.9
  158   111                 7.3
  158   146                12.7
  158    66                55.6
  159   166                12.8
  159    71                21.4
  159    52                29.6
  160     6                 6.6
  160    99                15.9
  160   202                20.9
  161    48                 0.3
  161   136                23.1
  161    30                55.8
  162   149                 4.2
  162   205                16.7
  162    42                  38
  163   243                23.4
  163    87                27.6
  164   138                22.8
  164   107                26.2
  164   230                30.9
  165   120                15.8
  165   185               185.5
  166    30                  11
  166   159                12.8
  166    88                30.2
  167   131                14.8
  167    89                17.6
  167   120                22.4
  168   196                10.2
  168   212                23.7
  168   131                28.6
  169    49                10.5
  169    34                18.2
  169    42                  23
  170    33                 7.6
  170    80                17.4
  171   235                 4.8
  171   180                 5.6
  171    40                10.9
  172   231                12.1
  172   220                  15
  172    36                35.4
  173   138                21.4
  173   244                27.3
  173   174                44.4
  174   228                18.3
  174   212                36.3
  174   173                44.4
  174    96                49.1
  175     1                13.5
  175    69                19.1
  175    62                24.6
  176    41                10.2
  176     2                34.6
  177   102                12.3
  177   151                26.4
  177   191                28.1
  178    10                15.6
  178   195                  19
  178   126                31.5
  179   182                 9.4
  179   133                11.4
  179     0                14.1
  180   171                 5.6
  180    45                20.5
  181    47                 2.8
  181   242                17.8
  181   186                25.9
  182   179                 9.4
  182    46                26.3
  183    20                 7.8
  183    73                 8.7
  183    92                11.3
  184   237                 7.2
  184    68                10.7
  184    40                19.7
  185    12                12.6
  185   165               185.5
  186   198                 9.9
  186   181                25.9
  187    11                11.3
  187    13                11.4
  187   112                16.1
  187    18                23.8
  188    56                 8.9
  188    61                20.9
  188   126                24.7
  189   151                 7.9
  189   148                 8.7
  189   191                28.1
  190   221                  15
  190   232                23.9
  191   189                28.1
  191   177                28.1
  191    29                28.2
  192   113                 9.1
  192   213                36.6
  192    79                  57
  193    11                10.2
  193   219                12.2
  193   199                31.2
  194    65                13.7
  194   117                20.8
  194   154                37.7
  195   105                15.7
  195   178                  19
  195   119                23.5
  196   168                10.2
  196   224                11.3
  196     9                23.8
  197    62                 8.8
  197    92                28.7
  197   226                29.1
  197   147                32.1
  198   186                 9.9
  198   242                18.1
  199   103                 3.6
  199   121                10.6
  199   193                31.2
  199   146                70.5
  200    70                 6.9
  200    60                22.5
  201    56                 7.9
  201   119                12.9
  202     4                 5.3
  202   160                20.9
  203    28                 9.1
  203   226                10.2
  203   216                15.2
  204    61                15.7
  204    94                17.5
  205    16                15.1
  205   162                16.7
  206    67                 0.4
  206   246                14.7
  206    73                43.3
  207   234                 2.1
  207   100                  19
  207   115                20.6
  208   155                14.4
  208   132                23.4
  209   126                 7.8
  209    94                   9
  209   222                20.9
  210    77                 6.2
  210   132                19.7
  211   144                 9.6
  211    89                11.8
  212    75                10.5
  212   168                23.7
  212   174                36.3
  212    13                54.6
  213   114                 9.9
  213   192                36.6
  213   128                80.9
  214    61                13.1
  214    97                18.8
  214    56                27.6
  215   229                 7.9
  215    34                  16
  215    49                27.7
  216   109                11.2
  216   203                15.2
  216    92                22.2
  217    12                16.2
  217   152                28.8
  217   110                31.9
  218   238                 2.7
  218    43                 7.3
  218   245                16.8
  219   193                12.2
  219    18                  17
  219    41                21.5
  219   150                58.4
  220    96                 3.6
  220   172                  15
  220    29                45.5
  220   228                47.3
  221    26                 7.9
  221    59                11.2
  221   190                  15
  222    10                  10
  222   209                20.9
  223   133                 9.3
  223   248                16.6
  224   151                 7.4
  224   148                 8.9
  224   196                11.3
  225    74                 6.6
  225   150                17.2
  225    15                30.5
  226   203                10.2
  226     1                15.1
  226   197                29.1
  227   137                20.3
  227    17                21.1
  227    55                51.9
  228   107                17.1
  228   174                18.3
  228   249                  28
  228   220                47.3
  229   215                 7.9
  229   144                 8.9
  229    27                16.1
  230    63                13.3
  230    25                17.3
  230   164                30.9
  231   172                12.1
  231    88                15.6
  231   238                25.6
  232    79                 7.6
  232   190                23.9
  233   147                15.9
  233    14                32.5
  234   207                 2.1
  234    74                18.4
  235   171                 4.8
  235    87                25.9
  235   116                29.8
  235   243                32.7
  236   146                 7.9
  236    81                49.9
  237   184                 7.2
  237   116                24.5
  238   218                 2.7
  238   231                25.6
  238   249                44.4
  239    46                 7.8
  239     0                39.5
  240    59                 4.3
  241    36                10.4
  241    71                14.3
  241    88                18.2
  242    80                  10
  242   181                17.8
  242   198                18.1
  243   127                10.9
  243     5                12.3
  243   163                23.4
  243   235                32.7
  244    13                 3.1
  244   173                27.3
  245   218                16.8
  245    19                19.9
  245   136                47.2
  246   206                14.7
  246   147                  20
  246    55                20.7
  246    17                56.6
  247   142                13.6
  247   108                18.5
  247    32                27.7
  248    54                 9.3
  248   223                16.6
  248     7                38.1
  248   147                52.9
  249    63                12.6
  249   228                  28
  249   238                44.4
