734
    0   133                13.5
    0    72                  31
    1   187                10.5
    1   155                17.4
    2    40                20.4
    2    90                25.8
    2    20                26.1
    3    75                17.3
    3   244                18.3
    4    73                13.5
    4     7                15.8
    4    24                  29
    4   157                38.6
    5   205                17.1
    5   226                17.5
    5   141                27.9
    6    22                 7.3
    6    41                  13
    6   232                14.7
    7   235                 7.3
    7   144                12.2
    7     4                15.8
    8    26                 7.1
    8    50                21.7
    8   138                32.4
    9   225                 5.8
    9   147                 7.4
    9    63                12.4
   10   109                  15
   10   208                35.1
   11    71                 3.1
   11   238                 8.7
   11   214                15.9
   12   163                17.6
   12   183                  19
   12   160                24.8
   12   153                36.4
   13    76                 5.5
   13   199                 9.3
   13   111                10.2
   14   111                 6.8
   14   208                24.4
   15   178                   9
   15   185                 9.6
   15   138                  18
   15    38                19.6
   16   212                10.4
   16   156                14.8
   16   242                20.7
   17    53                17.9
   17   176                26.6
   17   223                27.1
   18   125                11.2
   18    99                20.9
   18   123                22.3
   19    96                 7.4
   19   171                10.1
   19   180                28.7
   20    60                 8.2
   20   144                20.7
   20     2                26.1
   21   111                16.9
   21   109                20.5
   21   248                  34
   22     6                 7.3
   22   222                15.2
   23    49                23.1
   23   162                23.8
   23    88                25.8
   23   188                36.4
   24   203                  19
   24   206                25.1
   24     4                  29
   25   245                16.6
   25   137                26.7
   25   157                38.3
   26     8                 7.1
   26   108                 9.9
   26   171                20.1
   27   122                13.4
   27   228                  14
   28   205                 3.3
   28   139                27.3
   28    97                39.8
   29    94                 8.9
   29   161                11.5
   29   214                19.3
   30    66                 4.8
   30   112                  30
   30   229                30.5
   30   221                55.3
   31    42                 7.2
   31   130                  20
   31    95                55.9
   32   170                 7.3
   32    86                22.5
   32   145                31.1
   33    34                10.7
   34    48                 5.3
   34    45                 7.7
   34    33                10.7
   35    47                  13
   35   168                14.3
   35   175                  16
   35    90                33.9
   36    82                 3.3
   36   127                12.1
   36   112                18.1
   36    66                31.9
   37   162                19.7
   37    54                22.5
   37    40                30.2
   38   234                 8.2
   38   104                 8.6
   38    15                19.6
   39   170                 8.2
   39    98                14.8
   39   216                21.3
   40   120                 6.2
   40     2                20.4
   40    37                30.2
   41     6                  13
   41   201                19.1
   41    53                26.9
   42   149                 5.5
   42    31                 7.2
   42   212                13.4
   43   177                15.6
   43   113                19.7
   43   143                22.7
   44   142                13.4
   44   241                13.7
   44   181                16.6
   45    34                 7.7
   45    89                 7.8
   46   118                14.7
   46   217                25.8
   46   204                28.2
   47   107                 6.8
   47    35                  13
   47   140                16.3
   48    34                 5.3
   48    78                 8.1
   49    66                10.4
   49    23                23.1
   49   127                31.3
   49   135                33.3
   50   104                12.7
   50   171                  21
   50     8                21.7
   51   137                11.4
   51   159                12.3
   51   245                26.1
   52    89                 9.4
   53   158                 5.7
   53    17                17.9
   53    41                26.9
   53   128                  42
   54    62                12.3
   54    37                22.5
   54   190                33.6
   55   126                14.9
   55   101                18.8
   55   161                25.9
   56   141                16.2
   56   110                26.8
   56   240                31.6
   57   249                 4.7
   57   181                11.9
   57   169                27.4
   58   197                13.1
   58   206                18.1
   58   119                33.9
   59    73                   8
   59   202                14.1
   59   206                22.5
   60   157                 6.6
   60    20                 8.2
   60    90                29.2
   61   199                  11
   61   220                  25
   61    85                37.1
   62   101                 6.9
   62    54                12.3
   62   135                19.7
   63     9                12.4
   63   143                14.6
   64   223                  26
   64   125                28.2
   64   236                29.9
   65   106                 3.7
   65   144                18.1
   66    30                 4.8
   66    49                10.4
   66    36                31.9
   67   230                   8
   67   243                 9.2
   68   247                 6.2
   68   102                23.2
   68   105                29.2
   69   248                 1.1
   69   232                 6.5
   69   164                13.8
   70   101                15.9
   70   214                15.9
   70   230                26.6
   71    11                 3.1
   71   243                13.9
   72   121                  12
   72     0                  31
   73    59                   8
   73     4                13.5
   73   235                16.8
   73   218                25.5
   74   167                 3.5
   74   133                14.5
   74   100                28.9
   75   213                16.5
   75     3                17.3
   75   155                26.8
   76    13                 5.5
   76   177                30.2
   77   219                25.5
   77   158                27.1
   78    48                 8.1
   78   134                18.9
   78   194                21.4
   78   186                25.3
   79   234                   2
   79   218                  13
   79    88                19.4
   79   188                36.7
   80   200                12.7
   80   114                20.3
   80    83                24.5
   80   161                51.8
   81   155                 6.5
   81   193                27.2
   82    36                 3.3
   82   192                12.2
   83   175                 7.7
   83   143                11.4
   83    80                24.5
   84   240                12.2
   84    91                13.2
   84   229                36.1
   85   173                 8.8
   85   195                24.5
   85   187                24.9
   85    61                37.1
   86    94                13.7
   86   239                  18
   86    32                22.5
   86   238                35.8
   87   108                   9
   87   148                17.8
   87   242                18.3
   88   178                11.8
   88    79                19.4
   88   127                19.7
   88    23                25.8
   89   194                 6.1
   89    45                 7.8
   89    52                 9.4
   90   210                 9.4
   90     2                25.8
   90    60                29.2
   90    35                33.9
   91    84                13.2
   91   221                14.7
   91   116                41.6
   92   143                 8.6
   92   140                14.8
   92   225                30.9
   93   154                13.8
   93   220                  17
   93   136                52.7
   94    29                 8.9
   94    86                13.7
   94   114                60.3
   95   228                10.5
   95   119                36.3
   95    31                55.9
   96    19                 7.4
   96   172                12.7
   96   197                25.6
   96   122                28.9
   97   207                 8.3
   97   116                23.5
   97    28                39.8
   98   117                12.3
   98    39                14.8
   98   179                25.2
   99    18                20.9
   99   100                30.6
  100    74                28.9
  100    99                30.6
  101    62                 6.9
  101    70                15.9
  101    55                18.8
  102   237                   6
  102    68                23.2
  102   182                27.1
  103   181                 4.2
  103   176                32.1
  104   218                   5
  104    38                 8.6
  104    50                12.7
  105   238                11.7
  105   243                13.1
  105   182                19.7
  105    68                29.2
  106    65                 3.7
  106   188                13.1
  106   162                  38
  107    47                 6.8
  107   142                 9.4
  108    87                   9
  108    26                 9.9
  108   150                27.7
  109   124                12.2
  109    10                  15
  109    21                20.5
  110   227                11.2
  110    56                26.8
  110   247                47.7
  111    14                 6.8
  111    13                10.2
  111    21                16.9
  112   183                  14
  112    36                18.1
  112    30                  30
  112   194                  42
  113   118                14.5
  113   217                15.3
  113    43                19.7
  114   118                11.8
  114    80                20.3
  114    94                60.3
  115   191                11.4
  115   227                14.6
  115   237                21.4
  116   141                14.8
  116    97                23.5
  116    91                41.6
  117   196                 9.8
  117    98                12.3
  118   114                11.8
  118   113                14.5
  118    46                14.7
  119    58                33.9
  119    95                36.3
  119   215                40.5
  120    40                 6.2
  120   198                10.9
  120   168                12.9
  121   209                   8
  121    72                  12
  121   159                24.6
  122    27                13.4
  122   152                26.7
  122    96                28.9
  123    18                22.3
  123   201                  73
  124   164                 5.2
  124   109                12.2
  124   222                14.4
  125   219                 9.3
  125    18                11.2
  125    64                28.2
  126   190                   6
  126    55                14.9
  127    36                12.1
  127   185                14.3
  127    88                19.7
  127    49                31.3
  128   174                 7.4
  128   225                 9.3
  128    53                  42
  129   130                 7.3
  129   149                21.7
  130   129                 7.3
  130    31                  20
  131   194                 3.1
  131   163                24.6
  132   241                 0.3
  132   210                 6.7
  133     0                13.5
  133    74                14.5
  134   221                 7.2
  134    78                18.9
  135    62                19.7
  135   229                27.4
  135    49                33.3
  135   162                37.3
  136   193                51.7
  136    93                52.7
  137    51                11.4
  137   249                19.1
  137    25                26.7
  138   160                12.3
  138    15                  18
  138     8                32.4
  139   231                 4.3
  139    28                27.3
  140    92                14.8
  140    47                16.3
  140   176                23.9
  140   165                25.8
  141   116                14.8
  141    56                16.2
  141     5                27.9
  142   107                 9.4
  142    44                13.4
  142   210                  19
  143    92                 8.6
  143    83                11.4
  143    63                14.6
  143    43                22.7
  144     7                12.2
  144    65                18.1
  144    20                20.7
  145   239                14.7
  145   244                  15
  145    32                31.1
  145   184                43.5
  146   189                12.9
  146   148                  17
  146   153                  29
  147     9                 7.4
  147   174                12.1
  147   177                13.3
  148   160                15.2
  148   146                  17
  148    87                17.8
  149    42                 5.5
  149   129                21.7
  150   152                 4.6
  150   212                10.2
  150   108                27.7
  151   233                 6.5
  151   242                21.9
  151   246                57.1
  152   150                 4.6
  152   172                19.4
  152   122                26.7
  153   246                 6.3
  153   146                  29
  153    12                36.4
  154    93                13.8
  154   208                29.7
  155    81                 6.5
  155     1                17.4
  155    75                26.8
  156   233                11.3
  156    16                14.8
  157    60                 6.6
  157   169                  37
  157    25                38.3
  157     4                38.6
  158    53                 5.7
  158    77                27.1
  158   201                31.1
  159    51                12.3
  159   236                14.4
  159   121                24.6
  160   138                12.3
  160   148                15.2
  160    12                24.8
  161    29                11.5
  161    55                25.9
  161    80                51.8
  162    37                19.7
  162    23                23.8
  162   135                37.3
  162   106                  38
  163    12                17.6
  163   131                24.6
  163   246                39.1
  164   124                 5.2
  164    69                13.8
  165   225                 3.9
  165   140                25.8
  166   249                17.7
  166   223                17.8
  167    74                 3.5
  167   236                17.6
  168   211                11.8
  168   120                12.9
  168    35                14.3
  169   241                 7.6
  169    57                27.4
  169   157                  37
  170    32                 7.3
  170    39                 8.2
  170   224                13.3
  171    19                10.1
  171   172                16.5
  171    26                20.1
  171    50                  21
  172    96                12.7
  172   171                16.5
  172   152                19.4
  173    85                 8.8
  173   220                27.3
  173   193                51.3
  174   128                 7.4
  174   248                10.5
  174   147                12.1
  175    83                 7.7
  175   211                 8.6
  175    35                  16
  176   140                23.9
  176    17                26.6
  176   103                32.1
  177   147                13.3
  177    43                15.6
  177    76                30.2
  178    15                   9
  178    88                11.8
  178   234                15.8
  179    98                25.2
  179   244                38.8
  180   202                 8.9
  180   218                10.7
  180    19                28.7
  181   103                 4.2
  181    57                11.9
  181    44                16.6
  182   216                 9.9
  182   105                19.7
  182   102                27.1
  183   112                  14
  183   192                14.8
  183    12                  19
  184   187                11.9
  184   145                43.5
  185    15                 9.6
  185   127                14.3
  185   192                  18
  186   207                21.4
  186    78                25.3
  187     1                10.5
  187   184                11.9
  187    85                24.9
  188   235                11.2
  188   106                13.1
  188    23                36.4
  188    79                36.7
  189   146                12.9
  189   242                19.1
  190   126                   6
  190   200                26.4
  190    54                33.6
  191   115                11.4
  191   231                60.3
  192    82                12.2
  192   183                14.8
  192   185                  18
  193    81                27.2
  193   173                51.3
  193   136                51.7
  194   131                 3.1
  194    89                 6.1
  194    78                21.4
  194   112                  42
  195   204                10.6
  195    85                24.5
  196   216                 7.2
  196   117                 9.8
  196   237                32.4
  197    58                13.1
  197   228                21.1
  197    96                25.6
  198   120                10.9
  198   200                15.4
  199    13                 9.3
  199    61                  11
  199   217                  16
  200    80                12.7
  200   211                  13
  200   198                15.4
  200   190                26.4
  201    41                19.1
  201   158                31.1
  201   123                  73
  202   180                 8.9
  202    59                14.1
  203   215                18.8
  203    24                  19
  203   245                36.9
  204   195                10.6
  204    46                28.2
  204   239                40.8
  205    28                 3.3
  205     5                17.1
  205   231                24.8
  206    58                18.1
  206    59                22.5
  206    24                25.1
  207    97                 8.3
  207   186                21.4
  208    14                24.4
  208   154                29.7
  208    10                35.1
  209   121                   8
  209   245                16.8
  209   215                  30
  210   132                 6.7
  210    90                 9.4
  210   142                  19
  211   175                 8.6
  211   168                11.8
  211   200                  13
  212   150                10.2
  212    16                10.4
  212    42                13.4
  213    75                16.5
  214    70                15.9
  214    11                15.9
  214    29                19.3
  215   203                18.8
  215   209                  30
  215   119                40.5
  216   196                 7.2
  216   182                 9.9
  216    39                21.3
  216   238                25.9
  217   113                15.3
  217   199                  16
  217    46                25.8
  218   104                   5
  218   180                10.7
  218    79                  13
  218    73                25.5
  219   125                 9.3
  219   223                24.4
  219    77                25.5
  220    93                  17
  220    61                  25
  220   173                27.3
  221   134                 7.2
  221    91                14.7
  221    30                55.3
  222   124                14.4
  222    22                15.2
  222   232                18.6
  223   166                17.8
  223   219                24.4
  223    64                  26
  223    17                27.1
  224   170                13.3
  224   244                13.7
  225   165                 3.9
  225     9                 5.8
  225   128                 9.3
  225    92                30.9
  226   227                17.4
  226     5                17.5
  227   110                11.2
  227   115                14.6
  227   226                17.4
  228    95                10.5
  228    27                  14
  228   197                21.1
  229   230                  26
  229   135                27.4
  229    30                30.5
  229    84                36.1
  230    67                   8
  230   229                  26
  230    70                26.6
  231   139                 4.3
  231   205                24.8
  231   191                60.3
  232    69                 6.5
  232     6                14.7
  232   222                18.6
  233   151                 6.5
  233   156                11.3
  234    79                   2
  234    38                 8.2
  234   178                15.8
  235     7                 7.3
  235   188                11.2
  235    73                16.8
  236   159                14.4
  236   167                17.6
  236    64                29.9
  237   102                   6
  237   115                21.4
  237   196                32.4
  238    11                 8.7
  238   105                11.7
  238   216                25.9
  238    86                35.8
  239   145                14.7
  239    86                  18
  239   204                40.8
  240    84                12.2
  240   247                23.5
  240    56                31.6
  241   132                 0.3
  241   169                 7.6
  241    44                13.7
  242    87                18.3
  242   189                19.1
  242    16                20.7
  242   151                21.9
  243    67                 9.2
  243   105                13.1
  243    71                13.9
  243   247                33.4
  244   224                13.7
  244   145                  15
  244     3                18.3
  244   179                38.8
  245    25                16.6
  245   209                16.8
  245    51                26.1
  245   203                36.9
  246   153                 6.3
  246   163                39.1
  246   151                57.1
  247    68                 6.2
  247   240                23.5
  247   243                33.4
  247   110                47.7
  248    69                 1.1
  248   174                10.5
  248    21                  34
  249    57                 4.7
  249   166                17.7
  249   137                19.1
