686
    0   201                 6.6
    0    60                11.5
    0   121                16.8
    1    23                 6.4
    1   215                 8.7
    2   114                 9.3
    2    62                15.1
    2   240                24.3
    3   223                13.2
    3   170                20.3
    4   182                 4.1
    4   215                   7
    4    57                13.1
    5   212                 8.6
    5   218                15.6
    6   171                   4
    6   231                 6.2
    6    30                28.1
    7   213                18.9
    7   238                28.1
    7    45                36.2
    7    20                41.1
    8   187                18.7
    8    89                20.2
    8   133                23.5
    8   201                42.4
    9    21                 5.4
    9   225                12.1
   10    76                  17
   10   217                25.6
   10   192                26.5
   11    43                 7.1
   11   123                33.1
   12   127                16.4
   13   177                12.2
   13   163                14.3
   13    39                17.6
   14    59                 7.4
   14    40                14.8
   14    44                33.5
   15   133                  14
   15   121                20.1
   15   139                31.7
   16   190                11.2
   16    38                13.3
   16   226                36.5
   17   172                 2.7
   17   198                18.7
   17   104                20.7
   18    27                 9.5
   18   136                31.3
   18    83                40.1
   19   150                 3.1
   19   156                25.7
   20    68                 3.4
   20   218                13.5
   20    22                32.7
   20     7                41.1
   21     9                 5.4
   21   211                11.7
   21   168                17.2
   22   188                12.7
   22    61                19.4
   22    20                32.7
   22    45                39.1
   23     1                 6.4
   23   130                19.1
   24    41                17.8
   24   237                32.8
   25    86                 5.7
   25   130                15.5
   25   146                  46
   26   205                   5
   26    77                14.3
   26   113                18.3
   27    18                 9.5
   27   140                14.8
   28   192                   3
   28   224                15.3
   28   162                  25
   29    33                 7.9
   29   171                26.7
   29   103                33.3
   30    88                11.5
   30     6                28.1
   30   150                47.7
   31    45                11.1
   31   165                21.1
   31    52                31.7
   32   207                 7.8
   32   109                  19
   32    80                19.7
   33    29                 7.9
   33    50                13.6
   33   147                19.3
   34   180                 5.2
   34   172                 8.9
   34    98                19.3
   35   153                 9.9
   35    99                14.1
   36   103                  10
   36   138                16.1
   37   123                10.1
   37   245                13.6
   38    16                13.3
   38   167                32.1
   39   119                16.3
   39    99                16.9
   39    13                17.6
   40    14                14.8
   40   101                19.1
   40   181                29.6
   41    73                 7.3
   41    64                12.4
   41    24                17.8
   42   177                22.2
   42   119                22.4
   42   235                28.3
   42   203                33.6
   43    11                 7.1
   43   154                14.6
   44    57                16.4
   44   166                17.5
   44    14                33.5
   44   225                34.7
   45    31                11.1
   45    47                22.4
   45     7                36.2
   45    22                39.1
   46   213                 2.2
   46   175                19.5
   47    45                22.4
   47   126                24.5
   48   127                 7.2
   48   206                20.3
   49   159                  10
   49   206                  16
   50    33                13.6
   50   231                17.3
   50   145                28.5
   51    63                34.3
   51   233                36.7
   52   221                 8.3
   52   114                24.1
   52    31                31.7
   53   124                10.4
   53    97                23.9
   54   228                12.5
   54   247                14.7
   54   180                  16
   54   132                19.3
   55   209                 9.3
   55   216                19.2
   55    56                  22
   56   236                10.2
   56   140                16.2
   56    55                  22
   57     4                13.1
   57    44                16.4
   58    79                 7.3
   58   170                17.3
   58    97                28.9
   59    14                 7.4
   59   148                33.6
   60     0                11.5
   60   160                14.2
   60    61                17.3
   60   173                19.2
   61   194                10.2
   61    60                17.3
   61    22                19.4
   62     2                15.1
   62   194                21.9
   62   202                45.4
   63   204                15.4
   63    51                34.3
   64    41                12.4
   64   137                32.8
   65   215                 3.3
   66   222                16.6
   66   115                25.6
   66    90                25.9
   67    73                 8.8
   67   181                30.2
   67    94                43.8
   68    20                 3.4
   68    97                 9.8
   68   188                37.1
   69   182                 2.4
   70   115                 6.3
   70   202                10.9
   70   201                26.2
   71   244                 4.3
   71   193                 7.8
   71   227                42.7
   72   235                 5.8
   73    85                   5
   73    41                 7.3
   73    67                 8.8
   74    94                 6.6
   74   137                 9.5
   75   101                17.6
   75    85                26.5
   76   127                11.7
   76    10                  17
   76   142                23.9
   77   234                 3.1
   77    26                14.3
   77    87                20.6
   78    86                 3.8
   78    95                26.3
   79    58                 7.3
   79   232                31.2
   80   183                 9.5
   80   230                13.6
   80    32                19.7
   80    92                30.7
   81   100                21.1
   81    87                35.5
   82   161                14.2
   82   240                31.1
   82   219                35.6
   83   190                10.4
   83    18                40.1
   83   116                41.1
   84   125                 7.3
   84   158                49.3
   85    73                   5
   85    75                26.5
   86    78                 3.8
   86   125                 5.1
   86    25                 5.7
   87    94                11.2
   87    77                20.6
   87    81                35.5
   87   181                51.3
   88    30                11.5
   88    91                14.5
   88   229                18.3
   89     8                20.2
   90   157                15.4
   90    66                25.9
   90   240                45.4
   91    88                14.5
   91   240                23.7
   91   105                26.6
   92   137                13.9
   92   234                18.7
   92    80                30.7
   93   172                 6.9
   93   228                11.8
   93   209                  15
   94    74                 6.6
   94    87                11.2
   94    67                43.8
   95   117                 9.7
   95    78                26.3
   95   168                33.5
   96   118                14.3
   96   249                20.3
   96   163                32.3
   97    68                 9.8
   97    53                23.9
   97    58                28.9
   97   203                37.1
   98    34                19.3
   98   132                24.3
   98   106                31.3
   99    35                14.1
   99    39                16.9
   99   135                25.8
  100   191                 2.8
  100    81                21.1
  100   178                23.1
  101   144                 8.2
  101    75                17.6
  101    40                19.1
  102   242                 1.2
  102   164                 4.8
  102   158                 7.8
  103   189                 4.9
  103    36                  10
  103   117                32.9
  103    29                33.3
  104   209                  10
  104   236                  15
  104    17                20.7
  105   141                12.6
  105   152                23.5
  105   138                24.4
  105    91                26.6
  106   175                18.9
  106   204                23.3
  106    98                31.3
  107   179                 8.1
  107   153                21.5
  108   249                16.9
  108   248                24.8
  109   193                   4
  109   111                17.4
  109    32                  19
  109   187                35.6
  110   233                19.7
  110   236                37.1
  111   230                 6.8
  111   109                17.4
  112   117                10.1
  112   125                32.4
  112   239                41.1
  113   222                 6.9
  113    26                18.3
  114     2                 9.3
  114    52                24.1
  114   165                37.4
  115    70                 6.3
  115   129                16.1
  115    66                25.6
  116   226                20.2
  116   136                36.1
  116    83                41.1
  116   214                  42
  117    95                 9.7
  117   112                10.1
  117   185                  27
  117   103                32.9
  118    96                14.3
  118   135                  21
  118   120                23.2
  119   151                 7.9
  119    39                16.3
  119    42                22.4
  120   118                23.2
  120   248                  32
  121   160                 4.1
  121   184                   7
  121     0                16.8
  121    15                20.1
  122   153                34.3
  122   204               179.3
  123    37                10.1
  123   224                22.2
  123   162                27.2
  123    11                33.1
  124   188                 5.8
  124   176                 6.9
  124    53                10.4
  124   160                16.4
  125    86                 5.1
  125    84                 7.3
  125   112                32.4
  126   219                22.1
  126   199                24.5
  126    47                24.5
  126   216                  44
  127    48                 7.2
  127    76                11.7
  127    12                16.4
  128   223                   7
  128   174                 7.2
  128   210                17.3
  129   115                16.1
  129   155                18.2
  130    25                15.5
  130    23                19.1
  131   142                15.2
  132   246                16.9
  132    54                19.3
  132   238                24.1
  132    98                24.3
  133    15                  14
  133     8                23.5
  134   176                12.2
  134   203                16.4
  135   118                  21
  135    99                25.8
  136   216                10.3
  136    18                31.3
  136   116                36.1
  137    74                 9.5
  137    92                13.9
  137   220                25.8
  137    64                32.8
  138   157                14.8
  138    36                16.1
  138   105                24.4
  138   178                31.2
  139   203                  14
  139    15                31.7
  140    27                14.8
  140    56                16.2
  141   105                12.6
  141   157                17.7
  142   154                  13
  142   131                15.2
  142    76                23.9
  143   158                14.1
  143   196                20.4
  143   239                22.7
  144   101                 8.2
  144   148                28.7
  145   195                12.1
  145    50                28.5
  145   196                29.2
  146   211                   5
  146   166                16.2
  146    25                  46
  147   243                 1.7
  147    33                19.3
  148   144                28.7
  148    59                33.6
  149   201                 3.9
  149   202                28.8
  150    19                 3.1
  150   197                14.4
  150    30                47.7
  151   119                 7.9
  151   153                29.8
  152   171                 5.2
  152   105                23.5
  153    35                 9.9
  153   107                21.5
  153   151                29.8
  153   122                34.3
  154   142                  13
  154    43                14.6
  154   224                15.1
  155   222                 7.1
  155   129                18.2
  156   229                23.2
  156    19                25.7
  156   226                35.4
  157   138                14.8
  157    90                15.4
  157   141                17.7
  158   102                 7.8
  158   143                14.1
  158    84                49.3
  159   217                 2.9
  159    49                  10
  159   196                15.5
  160   121                 4.1
  160    60                14.2
  160   124                16.4
  161   229                 8.4
  161    82                14.2
  161   214                15.1
  162   167                17.3
  162    28                  25
  162   123                27.2
  162   197                32.9
  163    13                14.3
  163    96                32.3
  164   102                 4.8
  164   208                 6.3
  165   194                 9.2
  165    31                21.1
  165   114                37.4
  166   182                 4.9
  166   146                16.2
  166    44                17.5
  167   162                17.3
  167   245                21.1
  167    38                32.1
  168    21                17.2
  168   185                19.8
  168    95                33.5
  169   187                  17
  169   207                17.1
  170    58                17.3
  170     3                20.3
  170   218                29.7
  171     6                   4
  171   152                 5.2
  171    29                26.7
  172    17                 2.7
  172    93                 6.9
  172    34                 8.9
  173   194                  14
  173    60                19.2
  174   186                 0.1
  174   128                 7.2
  175   238                16.9
  175   210                17.8
  175   106                18.9
  175    46                19.5
  176   124                 6.9
  176   184                 8.2
  176   134                12.2
  177    13                12.2
  177    42                22.2
  178   205                16.4
  178   100                23.1
  178   138                31.2
  179   107                 8.1
  180    34                 5.2
  180    54                  16
  181   225                19.9
  181    40                29.6
  181    67                30.2
  181    87                51.3
  182    69                 2.4
  182     4                 4.1
  182   166                 4.9
  183   220                 3.4
  183    80                 9.5
  184   121                   7
  184   176                 8.2
  185   241                 6.6
  185   168                19.8
  185   117                  27
  186   174                 0.1
  186   213                13.2
  187   249                16.9
  187   169                  17
  187     8                18.7
  187   109                35.6
  188   124                 5.8
  188    22                12.7
  188    68                37.1
  189   103                 4.9
  189   191                20.2
  190    83                10.4
  190    16                11.2
  191   100                 2.8
  191   241                13.4
  191   189                20.2
  192    28                   3
  192    10                26.5
  193   109                   4
  193    71                 7.8
  194   165                 9.2
  194    61                10.2
  194   173                  14
  194    62                21.9
  195   145                12.1
  195   197                19.8
  196   159                15.5
  196   143                20.4
  196   243                24.4
  196   145                29.2
  197   150                14.4
  197   195                19.8
  197   162                32.9
  198   233                 6.3
  198    17                18.7
  199   246                 4.7
  199   247                 9.3
  199   126                24.5
  200   220                 6.7
  200   227                 9.3
  200   230                19.2
  201   149                 3.9
  201     0                 6.6
  201    70                26.2
  201     8                42.4
  202    70                10.9
  202   149                28.8
  202    62                45.4
  203   139                  14
  203   134                16.4
  203    42                33.6
  203    97                37.1
  204    63                15.4
  204   106                23.3
  204   122               179.3
  205    26                   5
  205   178                16.4
  205   222                19.6
  206    49                  16
  206   208                18.1
  206    48                20.3
  207    32                 7.8
  207   169                17.1
  208   164                 6.3
  208   206                18.1
  209    55                 9.3
  209   104                  10
  209    93                  15
  210   128                17.3
  210   175                17.8
  211   146                   5
  211    21                11.7
  212     5                 8.6
  212   213                14.1
  212   223                19.9
  213    46                 2.2
  213   186                13.2
  213   212                14.1
  213     7                18.9
  214   161                15.1
  214   116                  42
  215    65                 3.3
  215     4                   7
  215     1                 8.7
  216   136                10.3
  216    55                19.2
  216   228                20.7
  216   126                  44
  217   159                 2.9
  217    10                25.6
  218    20                13.5
  218     5                15.6
  218   170                29.7
  219   221                  10
  219   126                22.1
  219    82                35.6
  220   183                 3.4
  220   200                 6.7
  220   137                25.8
  221    52                 8.3
  221   219                  10
  222   113                 6.9
  222   155                 7.1
  222    66                16.6
  222   205                19.6
  223   128                   7
  223     3                13.2
  223   212                19.9
  224   154                15.1
  224    28                15.3
  224   123                22.2
  225     9                12.1
  225   181                19.9
  225    44                34.7
  226   116                20.2
  226   156                35.4
  226    16                36.5
  227   237                 4.1
  227   200                 9.3
  227    71                42.7
  228    93                11.8
  228    54                12.5
  228   216                20.7
  229   161                 8.4
  229    88                18.3
  229   156                23.2
  230   111                 6.8
  230    80                13.6
  230   200                19.2
  231     6                 6.2
  231    50                17.3
  232   235                12.3
  232    79                31.2
  233   198                 6.3
  233   110                19.7
  233    51                36.7
  234    77                 3.1
  234    92                18.7
  235    72                 5.8
  235   232                12.3
  235    42                28.3
  236    56                10.2
  236   104                  15
  236   110                37.1
  237   227                 4.1
  237    24                32.8
  238   175                16.9
  238   132                24.1
  238     7                28.1
  239   243                 6.2
  239   143                22.7
  239   112                41.1
  240    91                23.7
  240     2                24.3
  240    82                31.1
  240    90                45.4
  241   185                 6.6
  241   191                13.4
  242   102                 1.2
  243   147                 1.7
  243   239                 6.2
  243   196                24.4
  244    71                 4.3
  244   248                 5.1
  245    37                13.6
  245   167                21.1
  246   199                 4.7
  246   132                16.9
  247   199                 9.3
  247    54                14.7
  248   244                 5.1
  248   108                24.8
  248   120                  32
  249   187                16.9
  249   108                16.9
  249    96                20.3
