700
    0     5                11.5
    0   227                  29
    0   107                34.3
    1    11                15.2
    1    39                15.2
    2   233                 9.9
    2    51                  16
    2    89                33.1
    3    74                 5.7
    3   147                25.3
    3   232                30.8
    4   202                11.3
    4    12                  15
    5    48                 5.9
    5     0                11.5
    5   243                17.3
    5   104                42.4
    6   195                15.9
    6    49                48.1
    7   119                 4.9
    7   249                 9.2
    8    99                 8.8
    8   168                13.1
    8   190                25.8
    9   236                 7.5
    9    43                10.4
    9   115                22.4
   10   117                18.7
   10    50                21.8
   10   194                25.2
   10   226                31.6
   11   208                11.8
   11     1                15.2
   12   151                12.1
   12     4                  15
   12   170                16.9
   13   134                 4.9
   13    96                16.2
   13    68                23.7
   14    54                11.3
   14   155                15.2
   14    85                15.6
   15   205                16.5
   15    93                18.4
   15   196                24.8
   16   109                 7.6
   16    97                16.2
   17   177                14.2
   17   153                18.5
   17   152                25.5
   18   213                17.7
   18    22                29.4
   18   180                44.9
   19    72                18.5
   19   146                22.3
   19    66                33.7
   20    81                17.5
   20    96                  31
   20   247                34.3
   21   223                12.7
   21   212                22.3
   21   239                27.7
   21   178                66.1
   22   102                 6.1
   22    18                29.4
   23    39                13.6
   23    46                20.5
   24    59                22.5
   24   160                25.8
   24   164                  28
   25    64                 7.8
   25    67                  13
   26    30                  12
   26   178                12.2
   26   141                19.5
   27   204                  13
   27   212                14.4
   27   173                16.9
   28   187                   4
   28    70                12.3
   29   186                 6.1
   29   221                11.8
   29   229                20.3
   30    26                  12
   30   125                17.3
   31   170                 4.1
   31    54                 6.6
   31   151                12.6
   32   231                13.1
   32   135                14.8
   32   121                28.4
   33   198                 9.9
   33   195                20.1
   33   214                46.1
   34   130                 5.9
   34   163                 6.6
   35   121                18.7
   35    66                20.8
   35   149                23.4
   36   232                 2.7
   36    97                 8.9
   37   218                10.9
   37   138                  11
   37   229                16.9
   37   217                27.7
   38   210                18.2
   38   204                19.9
   38   173                20.4
   38   185                28.9
   39    53                12.2
   39    23                13.6
   39     1                15.2
   39    81                37.9
   40   136                10.3
   40   108                16.6
   41    63                 6.8
   41    64                12.6
   41    78                32.3
   42   122                13.4
   42   200                15.1
   43     9                10.4
   43    76                14.1
   43   245                  15
   44    74                 2.5
   44   201                33.7
   44    48                  41
   45   118                 7.6
   45   116                10.3
   46   100                18.5
   46    23                20.5
   46   208                27.8
   47   110                   6
   47    93                24.1
   47   139                26.3
   48     5                 5.9
   48   153                23.5
   48    44                  41
   49   174                 9.7
   49   216                19.8
   49     6                48.1
   49   199                49.5
   50   154                13.3
   50    10                21.8
   50   215                29.5
   51   145                 5.3
   51   190                 5.3
   51     2                  16
   52   129                22.5
   52   246                25.1
   52    82                27.1
   52    57                  34
   53   230                 6.9
   53    39                12.2
   54    31                 6.6
   54    14                11.3
   55   214                  10
   55    90                14.5
   56   179                 3.8
   56    80                14.9
   56    61                31.5
   57    78                13.1
   57    52                  34
   58   187                13.8
   58   235                14.7
   58   228                20.7
   59    91                 3.5
   59   205                16.7
   59    24                22.5
   60   165                17.8
   60    98                18.3
   61   133                29.3
   61    56                31.5
   62   157                18.9
   62    63                20.3
   62   176                23.8
   63    41                 6.8
   63   132                19.5
   63    62                20.3
   64    25                 7.8
   64    41                12.6
   64   200                32.8
   65    77                 9.7
   65   249                21.5
   65   159                31.5
   66   228                 8.5
   66   191                11.6
   66    35                20.8
   66    19                33.7
   67   222                10.4
   67    25                  13
   67   192                37.9
   67    82                44.7
   68   190                   1
   68    85                22.5
   68    13                23.7
   69    70                   5
   69    92                   5
   69   191                 5.9
   70    69                   5
   70    28                12.3
   71   225                   1
   71   211                15.2
   72    19                18.5
   72    84                25.6
   72    94                35.6
   73   194                10.8
   73   213                19.2
   73   105                49.9
   74    44                 2.5
   74   143                 3.4
   74     3                 5.7
   75   192                 6.6
   75   210                  13
   76   234                12.1
   76    43                14.1
   77   162                 0.9
   77    65                 9.7
   78   113                11.9
   78    57                13.1
   78    41                32.3
   78    82                  42
   79   105                11.5
   79   126                13.6
   79   139                31.5
   80    56                14.9
   80   191                23.2
   81   169                   9
   81    20                17.5
   81    39                37.9
   82   112                15.7
   82   114                21.2
   82    52                27.1
   82    78                  42
   82    67                44.7
   83   196                 8.9
   84   103                13.5
   84    72                25.6
   85    99                12.3
   85    14                15.6
   85   134                20.6
   85    68                22.5
   86   230                   9
   86   174                10.8
   86   140                22.2
   87   128                20.5
   87   245                28.4
   87   211               122.9
   88   214                10.7
   88   231                22.1
   88   193                32.2
   89   128                 2.9
   89   220                11.2
   89     2                33.1
   90   166                 6.1
   90    55                14.5
   90   140                26.8
   91    59                 3.5
   91   171                18.4
   92   172                 3.9
   92    69                   5
   93    15                18.4
   93    47                24.1
   94   164                18.7
   94   179                28.6
   94    72                35.6
   95   155                17.8
   95   134                18.7
   95   154                37.5
   96   159                14.1
   96    13                16.2
   96    20                  31
   97   158                   8
   97    36                 8.9
   97    16                16.2
   98    60                18.3
   98   110                25.3
   98   148                30.9
   98   106                36.3
   99   242                 4.1
   99     8                 8.8
   99    85                12.3
  100   236                 4.7
  100    46                18.5
  101   231                18.3
  101   137                26.3
  102    22                 6.1
  102   104                 6.6
  102   107                26.4
  102   194                36.9
  103    84                13.5
  103   148                13.9
  103   183                18.1
  103   106                  44
  104   143                 4.6
  104   102                 6.6
  104     5                42.4
  105    79                11.5
  105   226                17.6
  105   197                27.7
  105    73                49.9
  106    98                36.3
  106   103                  44
  107   102                26.4
  107   180                33.4
  107     0                34.3
  108   207                 8.1
  108    40                16.6
  109    16                 7.6
  109   161                15.4
  109   155                22.2
  110    47                   6
  110    98                25.3
  110   171                  42
  111   114                10.9
  111   112                11.3
  111   144                41.9
  112   111                11.3
  112    82                15.7
  112   222                35.6
  113   248                 8.2
  113    78                11.9
  114   116                 6.7
  114   111                10.9
  114    82                21.2
  114   139                71.3
  115   127                 7.3
  115   220                19.3
  115   245                19.4
  115     9                22.4
  116   156                 3.7
  116   114                 6.7
  116    45                10.3
  117    10                18.7
  117   237                18.9
  117   147                21.6
  117   240                28.5
  118   196                 2.8
  118    45                 7.6
  119     7                 4.9
  119   126                15.4
  120   217                 7.2
  120   189                11.5
  120   218                30.8
  121    35                18.7
  121   146                22.8
  121    32                28.4
  122   210                13.4
  122    42                13.4
  123   163                 3.3
  123   212                  17
  124   209                  15
  124   169                17.8
  125   138                 8.8
  125   218                13.7
  125   144                16.1
  125    30                17.3
  126   226                12.1
  126    79                13.6
  126   119                15.4
  127   115                 7.3
  127   167                14.4
  127   247                33.8
  128    89                 2.9
  128    87                20.5
  128   202                42.2
  129   182                19.3
  129    52                22.5
  130    34                 5.9
  130   227                57.8
  131   225                 2.6
  131   161                23.1
  132   157                 9.1
  132   248                18.6
  132    63                19.5
  133   187                 5.2
  133    61                29.3
  134    13                 4.9
  134    95                18.7
  134    85                20.6
  135   149                 5.9
  135    32                14.8
  136    40                10.3
  136   153                14.1
  136   243                21.8
  137   166                   5
  137   101                26.3
  138   125                 8.8
  138    37                  11
  139   197                   3
  139    47                26.3
  139    79                31.5
  139   114                71.3
  140    86                22.2
  140    90                26.8
  141   218                18.4
  141    26                19.5
  141   239                42.4
  142   177                 3.6
  142   225                 8.7
  143    74                 3.4
  143   104                 4.6
  144   125                16.1
  144   229                30.8
  144   197                36.2
  144   111                41.9
  145    51                 5.3
  145   219                17.7
  146   193                17.5
  146    19                22.3
  146   121                22.8
  146   231                41.2
  147   194                12.1
  147   117                21.6
  147     3                25.3
  148   103                13.9
  148   171                25.1
  148    98                30.9
  149   135                 5.9
  149    35                23.4
  150   174                 7.5
  150   203                10.3
  151    12                12.1
  151    31                12.6
  151   161                43.9
  152    17                25.5
  152   161                  27
  152   201                30.8
  153   136                14.1
  153    17                18.5
  153    48                23.5
  154    50                13.3
  154   237                22.5
  154   159                35.6
  154    95                37.5
  155    14                15.2
  155    95                17.8
  155   109                22.2
  155   224                32.4
  156   116                 3.7
  156   246                 3.9
  157   132                 9.1
  157    62                18.9
  158   240                 6.6
  158    97                   8
  158   224                  20
  159    96                14.1
  159   209                19.2
  159    65                31.5
  159   154                35.6
  160   205                13.9
  160    24                25.8
  160   181                  28
  160   182                41.7
  161   109                15.4
  161   131                23.1
  161   152                  27
  161   151                43.9
  162    77                 0.9
  162   199                14.1
  162   209                22.6
  163   123                 3.3
  163    34                 6.6
  163   175                14.2
  164    94                18.7
  164   184                20.6
  164    24                  28
  164   188                  43
  165   206                12.2
  165    60                17.8
  166   137                   5
  166    90                 6.1
  167   236                 8.9
  167   127                14.4
  168   233                   4
  168   202                   7
  168     8                13.1
  169   241                 8.3
  169    81                   9
  169   124                17.8
  170   242                 2.2
  170    31                 4.1
  170    12                16.9
  171    91                18.4
  171   148                25.1
  171   110                  42
  172    92                 3.9
  172   228                 7.8
  173   189                 5.2
  173    27                16.9
  173    38                20.4
  174   150                 7.5
  174    49                 9.7
  174    86                10.8
  175   223                 6.4
  175   163                14.2
  176   200                19.7
  176    62                23.8
  177   142                 3.6
  177    17                14.2
  178    26                12.2
  178   213                19.7
  178   197                35.6
  178    21                66.1
  179    56                 3.8
  179    94                28.6
  179   184                  34
  180   223                 9.7
  180   107                33.4
  180    18                44.9
  181   246                 5.7
  181   160                  28
  182   129                19.3
  182   160                41.7
  182   184                  63
  183   238                15.9
  183   103                18.1
  183   193                23.5
  184   164                20.6
  184   179                  34
  184   182                  63
  185   221                11.7
  185   192                14.6
  185    38                28.9
  186    29                 6.1
  186   217                20.9
  187    28                   4
  187   133                 5.2
  187    58                13.8
  188   164                  43
  189   173                 5.2
  189   239                 8.6
  189   120                11.5
  190    68                   1
  190    51                 5.3
  190     8                25.8
  191    69                 5.9
  191    66                11.6
  191    80                23.2
  192    75                 6.6
  192   185                14.6
  192    67                37.9
  193   146                17.5
  193   183                23.5
  193    88                32.2
  194    73                10.8
  194   147                12.1
  194    10                25.2
  194   102                36.9
  195     6                15.9
  195    33                20.1
  196   118                 2.8
  196    83                 8.9
  196    15                24.8
  197   139                   3
  197   105                27.7
  197   178                35.6
  197   144                36.2
  198   238                 7.4
  198    33                 9.9
  198   199                48.3
  199   162                14.1
  199   206                28.9
  199   198                48.3
  199    49                49.5
  200    42                15.1
  200   176                19.7
  200    64                32.8
  201   232                 3.2
  201   152                30.8
  201    44                33.7
  202   168                   7
  202     4                11.3
  202   128                42.2
  203   150                10.3
  204    27                  13
  204    38                19.9
  205   160                13.9
  205    15                16.5
  205    59                16.7
  206   165                12.2
  206   249                16.4
  206   199                28.9
  207   108                 8.1
  207   244                15.6
  207   243                27.1
  208    11                11.8
  208    46                27.8
  209   124                  15
  209   159                19.2
  209   162                22.6
  210    75                  13
  210   122                13.4
  210    38                18.2
  211    71                15.2
  211    87               122.9
  212    27                14.4
  212   123                  17
  212    21                22.3
  213    18                17.7
  213    73                19.2
  213   178                19.7
  214    55                  10
  214    88                10.7
  214    33                46.1
  215   226                 2.1
  215    50                29.5
  216   230                 9.8
  216   241                17.2
  216    49                19.8
  217   120                 7.2
  217   186                20.9
  217    37                27.7
  218    37                10.9
  218   125                13.7
  218   141                18.4
  218   120                30.8
  219   247                  10
  219   145                17.7
  219   220                21.4
  220    89                11.2
  220   115                19.3
  220   219                21.4
  221   185                11.7
  221    29                11.8
  221   222                24.6
  222    67                10.4
  222   221                24.6
  222   112                35.6
  223   175                 6.4
  223   180                 9.7
  223    21                12.7
  224   237                   4
  224   158                  20
  224   155                32.4
  225    71                   1
  225   131                 2.6
  225   142                 8.7
  226   215                 2.1
  226   126                12.1
  226   105                17.6
  226    10                31.6
  227     0                  29
  227   130                57.8
  228   172                 7.8
  228    66                 8.5
  228    58                20.7
  229    37                16.9
  229    29                20.3
  229   144                30.8
  230    53                 6.9
  230    86                   9
  230   216                 9.8
  231    32                13.1
  231   101                18.3
  231    88                22.1
  231   146                41.2
  232    36                 2.7
  232   201                 3.2
  232   240                 4.4
  232     3                30.8
  233   168                   4
  233     2                 9.9
  234    76                12.1
  235    58                14.7
  236   100                 4.7
  236     9                 7.5
  236   167                 8.9
  237   224                   4
  237   117                18.9
  237   154                22.5
  238   198                 7.4
  238   183                15.9
  239   189                 8.6
  239    21                27.7
  239   141                42.4
  240   232                 4.4
  240   158                 6.6
  240   117                28.5
  241   169                 8.3
  241   216                17.2
  242   170                 2.2
  242    99                 4.1
  243     5                17.3
  243   136                21.8
  243   207                27.1
  244   207                15.6
  245    43                  15
  245   115                19.4
  245    87                28.4
  246   156                 3.9
  246   181                 5.7
  246    52                25.1
  247   219                  10
  247   127                33.8
  247    20                34.3
  248   113                 8.2
  248   132                18.6
  249     7                 9.2
  249   206                16.4
  249    65                21.5
