580
    0   139                  11
    0   178                13.8
    0    51                29.3
    0     9                34.6
    1   152                14.1
    1   135                19.5
    1   123                27.1
    1   187                31.8
    2   169                11.4
    2    29                17.3
    2   170                24.8
    3   154                 5.2
    3   155                 6.1
    4     9                 3.6
    4   105                11.9
    4    45                26.3
    5   130                13.3
    5   141                16.1
    6   165                21.4
    6   178                23.9
    6    64                37.6
    6    95                46.8
    7    99                 9.3
    7   110                19.3
    7   197                  32
    8    50                 6.2
    8   173                  16
    8    79                28.5
    9     4                 3.6
    9   121                28.4
    9     0                34.6
   10   119                 7.7
   10   191                  10
   11    42                15.3
   11   180                17.3
   11    47                21.8
   12   116                 6.2
   12    43                12.9
   12   133                54.2
   13    83                 9.9
   13    63                13.5
   13   171                  23
   14   188                 5.9
   14   159                29.5
   15   195                10.2
   15   136                30.3
   16   127                   7
   16    40                20.7
   16   132                21.2
   17    72                10.6
   17    99                30.7
   17    30                31.6
   18    30                 6.5
   18   125                23.6
   18   145                36.8
   19   101                  19
   19   134                  23
   19    22                26.6
   20    23                 8.4
   20   189                17.9
   21   190                14.5
   21    56                18.7
   21   120                21.9
   21    66                24.9
   22    86                21.2
   22    19                26.6
   23    20                 8.4
   23   164                16.7
   24    31                13.9
   24   175                21.9
   25    82                 5.2
   25    86                 5.3
   25   134                 6.9
   26   152                12.1
   26    33                  13
   26   176                17.9
   27   149                13.8
   27   198                54.7
   28    63                   3
   28   185                19.5
   28   193                26.2
   29    62                 6.8
   29   142                15.4
   29     2                17.3
   29    35                33.6
   30    18                 6.5
   30   182                 7.6
   30    17                31.6
   31    24                13.9
   31    53                22.7
   31   195                22.9
   31    44                30.4
   32    43                 5.5
   32   176                 6.8
   32   116                 9.5
   33    26                  13
   33   186                18.2
   34   184                 7.4
   34    37                 7.6
   34   190                  14
   35   156                16.8
   35    69                  24
   35    29                33.6
   35    36                  42
   36   151                 3.3
   36   191                 8.1
   36    42                15.9
   36    35                  42
   37    34                 7.6
   37   189                19.5
   37    47                24.7
   38    61                25.4
   38   150                29.2
   38    41                42.7
   38   178                52.3
   39   181                 3.8
   39    84                 7.9
   39    96                23.6
   40    16                20.7
   40   167                23.7
   40   173                  31
   41    77                 2.9
   41   115                  18
   41    38                42.7
   41    55                  46
   42    11                15.3
   42    36                15.9
   43    32                 5.5
   43   135                  11
   43    12                12.9
   44    78                22.1
   44    31                30.4
   44   198                37.1
   44   149                  51
   45    54                21.9
   45     4                26.3
   45   121                28.1
   46   147                 6.9
   46   177                10.9
   46   148                33.3
   47    91                17.6
   47    11                21.8
   47    37                24.7
   48   138                 9.6
   48   124                17.1
   48    88                18.2
   49   199                13.3
   49   104                17.8
   49   146                27.9
   50     8                 6.2
   50   127                23.9
   51   187                 4.8
   51   123                26.7
   51     0                29.3
   52   147                33.2
   52   110                68.7
   53    98                15.7
   53   113                19.1
   53    31                22.7
   54    94                 8.4
   54    76                13.5
   54    45                21.9
   54   143                35.5
   55   193                 8.8
   55    83                10.2
   55    41                  46
   56    91                11.1
   56    21                18.7
   56    69                  19
   57   174                15.3
   57    87                17.2
   57   118                26.2
   57    64                26.7
   58   136                 5.3
   58   175                14.9
   58   195                34.2
   59   162                 5.3
   59    82                13.7
   60   113                 3.9
   60   180                21.6
   60   189                32.2
   61    95                13.8
   61    38                25.4
   61    97                36.9
   62    29                 6.8
   62   115                12.3
   62   169                18.6
   63    28                   3
   63    13                13.5
   63    78                14.9
   64    57                26.7
   64   161                34.6
   64     6                37.6
   65    88                 2.8
   66    69                 8.5
   66    21                24.9
   66   109                  28
   66   142                32.2
   67    85                10.7
   67    95                13.9
   67   182                25.1
   68   102                 6.7
   68    70                21.4
   68    90                27.5
   69    66                 8.5
   69    56                  19
   69    35                  24
   70   172                 6.3
   70    68                21.4
   71   157                14.6
   71   183                19.7
   71   118                  20
   72   128                 5.4
   72    17                10.6
   72   126                23.4
   73    94                12.2
   73   179                14.8
   73   106                  25
   74   156                 5.5
   74   119                11.2
   75   195                14.1
   75   153                  19
   75   113                24.6
   76   155                12.1
   76    54                13.5
   77    41                 2.9
   77   156                 9.7
   78   112                13.3
   78    63                14.9
   78    44                22.1
   79     8                28.5
   79   102                31.3
   80   187                14.3
   80   135                20.7
   80   138                49.9
   81   182                 7.4
   81   196                 7.5
   81   126                 8.1
   82    25                 5.2
   82    59                13.7
   82    96                14.6
   83    13                 9.9
   83    55                10.2
   83   150                28.4
   84   108                 2.8
   84   162                 5.7
   84    39                 7.9
   85    67                10.7
   85   125                16.5
   86    25                 5.3
   86    22                21.2
   87   196                 2.5
   87    57                17.2
   87   148                  29
   88    65                 2.8
   88    48                18.2
   88   141                22.7
   89   176                   9
   89   149                49.5
   90   199                 8.3
   90   114                19.2
   90    68                27.5
   91    56                11.1
   91   190                16.9
   91    47                17.6
   92   174                 5.9
   93   124                   6
   93   141                12.5
   94   194                 2.6
   94    54                 8.4
   94    73                12.2
   95    61                13.8
   95    67                13.9
   95   174                21.7
   95     6                46.8
   96   192                 8.1
   96    82                14.6
   96    39                23.6
   97   115                 8.4
   97   125                24.4
   97    61                36.9
   98   180                 4.6
   98   111                10.8
   98    53                15.7
   99     7                 9.3
   99    17                30.7
   99   145                33.2
  100   145                 9.4
  100   169                17.9
  101   177                16.6
  101    19                  19
  101   163                23.2
  102    68                 6.7
  102   144                26.5
  102    79                31.3
  103   120                13.3
  103   188                19.4
  103   109                20.7
  104   144                12.9
  104    49                17.8
  104   127                  26
  105   143                10.7
  105     4                11.9
  105   178                30.4
  106   183                15.7
  106    73                  25
  107   184                10.8
  107   120                11.2
  108    84                 2.8
  108   163                 7.4
  108   134                27.1
  109   114                14.5
  109   103                20.7
  109    66                  28
  110     7                19.3
  110   131                  30
  110   167                40.3
  110    52                68.7
  111    98                10.8
  112   117                 3.6
  112    78                13.3
  112   171                19.7
  112   166                44.2
  113    60                 3.9
  113   164                 9.5
  113    53                19.1
  113    75                24.6
  114   109                14.5
  114    90                19.2
  114   188                21.1
  115    97                 8.4
  115    62                12.3
  115    41                  18
  116    12                 6.2
  116    32                 9.5
  117   112                 3.6
  117   186                32.1
  118    71                  20
  118    57                26.2
  118   148                  27
  119    10                 7.7
  119    74                11.2
  120   159                 3.5
  120   107                11.2
  120   103                13.3
  120    21                21.9
  121   130                25.5
  121   140                26.4
  121    45                28.1
  121     9                28.4
  122   139                23.3
  122   158                29.9
  122   150                30.6
  123   158                  15
  123   166                16.1
  123    51                26.7
  123   139                27.1
  123     1                27.1
  124    93                   6
  124    48                17.1
  124   140                33.5
  125    85                16.5
  125    18                23.6
  125    97                24.4
  126    81                 8.1
  126    72                23.4
  127    16                   7
  127    50                23.9
  127   104                  26
  128    72                 5.4
  128   148                25.6
  128   147                29.8
  129   183                11.8
  129   179                13.8
  130     5                13.3
  130   121                25.5
  130   154                55.9
  131   197                14.2
  131   168                15.8
  131   110                  30
  132   168                 9.1
  132    16                21.2
  132   170                26.5
  133   138                15.5
  133    12                54.2
  134    25                 6.9
  134    19                  23
  134   108                27.1
  135    43                  11
  135     1                19.5
  135    80                20.7
  136    58                 5.3
  136    15                30.3
  137   163                   4
  137   160                  19
  137   148                24.6
  138    48                 9.6
  138   133                15.5
  138    80                49.9
  139     0                  11
  139   122                23.3
  139   123                27.1
  140   121                26.4
  140   187                28.5
  140   124                33.5
  141    93                12.5
  141     5                16.1
  141    88                22.7
  142    29                15.4
  142   146                21.8
  142    66                32.2
  143   165                 6.5
  143   105                10.7
  143    54                35.5
  144   199                  12
  144   104                12.9
  144   102                26.5
  145   100                 9.4
  145   197                15.8
  145    99                33.2
  145    18                36.8
  146   170                15.5
  146   142                21.8
  146    49                27.9
  147    46                 6.9
  147   128                29.8
  147    52                33.2
  148   137                24.6
  148   128                25.6
  148   118                  27
  148    87                  29
  148    46                33.3
  149    27                13.8
  149   186                16.4
  149    89                49.5
  149    44                  51
  150    83                28.4
  150    38                29.2
  150   122                30.6
  151    36                 3.3
  151   185                21.8
  152    26                12.1
  152     1                14.1
  152   166                14.2
  153   164                16.3
  153    75                  19
  154     3                 5.2
  154   130                55.9
  155     3                 6.1
  155    76                12.1
  156    74                 5.5
  156    77                 9.7
  156    35                16.8
  157   181                   3
  157   160                 5.1
  157    71                14.6
  158   123                  15
  158   122                29.9
  158   171                  34
  159   120                 3.5
  159    14                29.5
  160   157                 5.1
  160   137                  19
  161   179                 8.5
  161   194                 9.6
  161    64                34.6
  162    59                 5.3
  162    84                 5.7
  163   137                   4
  163   108                 7.4
  163   101                23.2
  164   113                 9.5
  164   153                16.3
  164    23                16.7
  165   143                 6.5
  165     6                21.4
  166   152                14.2
  166   123                16.1
  166   112                44.2
  167    40                23.7
  167   168                32.1
  167   110                40.3
  168   132                 9.1
  168   131                15.8
  168   167                32.1
  169     2                11.4
  169   100                17.9
  169    62                18.6
  170   146                15.5
  170   197                18.1
  170     2                24.8
  170   132                26.5
  171   112                19.7
  171    13                  23
  171   158                  34
  172    70                 6.3
  172   188                   8
  173     8                  16
  173    40                  31
  174    92                 5.9
  174    57                15.3
  174    95                21.7
  175   198                11.5
  175    58                14.9
  175    24                21.9
  176    32                 6.8
  176    89                   9
  176    26                17.9
  177    46                10.9
  177   101                16.6
  178     0                13.8
  178     6                23.9
  178   105                30.4
  178    38                52.3
  179   161                 8.5
  179   129                13.8
  179    73                14.8
  180    98                 4.6
  180   185                14.2
  180    11                17.3
  180    60                21.6
  181   157                   3
  181    39                 3.8
  181   192                19.9
  182    81                 7.4
  182    30                 7.6
  182    67                25.1
  183   129                11.8
  183   106                15.7
  183   192                18.4
  183    71                19.7
  184    34                 7.4
  184   107                10.8
  185   180                14.2
  185    28                19.5
  185   151                21.8
  186   149                16.4
  186    33                18.2
  186   117                32.1
  187    51                 4.8
  187    80                14.3
  187   140                28.5
  187     1                31.8
  188    14                 5.9
  188   172                   8
  188   103                19.4
  188   114                21.1
  189    20                17.9
  189    37                19.5
  189    60                32.2
  190    34                  14
  190    21                14.5
  190    91                16.9
  191    36                 8.1
  191    10                  10
  191   193                10.9
  192    96                 8.1
  192   183                18.4
  192   181                19.9
  193    55                 8.8
  193   191                10.9
  193    28                26.2
  194    94                 2.6
  194   161                 9.6
  195    15                10.2
  195    75                14.1
  195    31                22.9
  195    58                34.2
  196    87                 2.5
  196    81                 7.5
  197   131                14.2
  197   145                15.8
  197   170                18.1
  197     7                  32
  198   175                11.5
  198    44                37.1
  198    27                54.7
  199    90                 8.3
  199   144                  12
  199    49                13.3
