718
    0     4                14.4
    0    20                18.2
    0   202                  31
    1   249                 7.6
    1    59                18.8
    1   186                42.4
    1   219                44.6
    2   119                 5.9
    2    63                 7.4
    3    17                22.2
    3   109                30.7
    3   232                  37
    4    13                13.7
    4     0                14.4
    4   213                23.5
    5    88                20.2
    5   234                23.3
    5   223                23.9
    5   170                25.2
    6   214                16.2
    6   127                22.4
    6   166                45.3
    7    99                10.3
    7    14                  11
    7   139                40.7
    8   116                13.7
    8   140                13.8
    8    81                18.6
    9   248                10.2
    9    46                22.4
    9   164                23.4
   10   189                19.5
   10    86                30.2
   11   195                13.8
   11   113                19.7
   11   236                35.5
   11   187                40.2
   12    39                 9.8
   12    81                27.6
   12    78                42.2
   13   158                 5.9
   13   198                 6.3
   13     4                13.7
   14     7                  11
   14   115                15.8
   14    83                26.9
   15   213                18.7
   15   204                21.6
   15   131                22.6
   16    70                 6.3
   16   156                17.5
   16   167                31.4
   17    23                12.7
   17     3                22.2
   17   105                23.9
   18    65                   5
   18   172                10.8
   19   224                27.6
   19   139                32.8
   19   206                32.9
   19   125                  38
   20   173                16.7
   20     0                18.2
   20   150                  24
   20    88                30.3
   21    66                 4.5
   21   227                 6.8
   21    42                19.7
   22   223                 8.4
   22    64                27.6
   22    99                32.3
   23    62                11.4
   23    17                12.7
   23    33                15.6
   24   184                 1.9
   24    43                27.9
   24    81                38.4
   25   159                14.6
   25   230                22.5
   26   171                 8.5
   27   236                 6.2
   27   102                11.4
   27   174                29.6
   28   185                28.3
   28   193                29.9
   28   165                38.3
   28   110                47.6
   29   194                 9.1
   29   154                20.8
   30   184                18.7
   30   111                23.2
   30   187                32.4
   31   119                 6.2
   31   121                22.8
   31   154                  23
   32   176                 8.4
   32    35                16.5
   33    23                15.6
   33    75                16.6
   33   176                21.8
   34   136                14.7
   34   224                18.7
   34   169                  35
   34    49                41.6
   35    37                12.5
   35    32                16.5
   35    75                  22
   36   197                 7.7
   36    50                12.3
   36   230                24.8
   36   158                36.1
   37   172                12.2
   37    35                12.5
   37   178                27.1
   38   215                11.2
   38   200                  19
   39    12                 9.8
   39   126                11.5
   39   122                44.5
   39    58                55.1
   40    68                 3.1
   40    48                10.9
   40   133                17.8
   41    98                 7.8
   41   249                 8.1
   41   245                25.7
   41    56                56.3
   42    73                12.1
   42    21                19.7
   43   211                 3.1
   43    24                27.9
   43   134                29.7
   44   125                10.9
   44   181                20.5
   44    84                39.2
   44    74                40.1
   45   120                14.7
   45   162                20.2
   45   165                28.8
   46    59                10.4
   46     9                22.4
   47   170                 4.5
   47   190                10.1
   48   210                 9.6
   48    40                10.9
   48    50                13.2
   49   114                13.2
   49    34                41.6
   49   101                51.1
   50    36                12.3
   50    48                13.2
   50    80                15.7
   51   170                11.1
   51   169                20.6
   51   224                28.1
   52   181                12.8
   52   165                  13
   52   232                30.3
   53   247                 9.5
   53   114                11.8
   53   235                24.6
   54   115                 6.4
   54   163                22.4
   54   149                31.9
   55   239                 4.6
   55   243                26.4
   56   233                   8
   56   227                13.9
   56    41                56.3
   57   111                14.2
   57   102                14.4
   57    58                18.7
   58    57                18.7
   58   209                26.4
   58   184                37.2
   58    39                55.1
   59    46                10.4
   59     1                18.8
   59    63                22.9
   60   147                 3.9
   60   174                 6.8
   61    74                13.3
   61   241                15.5
   61   137                22.7
   62   178                 5.5
   62    23                11.4
   63     2                 7.4
   63   164                21.5
   63    59                22.9
   64   190                 4.6
   64    22                27.6
   65    18                   5
   65   180                14.4
   66    21                 4.5
   66   195                31.2
   66   108                36.1
   67   195                 7.9
   67   160                17.3
   67   242                17.9
   68    40                 3.1
   68   210                12.1
   68    92                15.8
   69   182                 3.8
   69   196                  12
   70    16                 6.3
   70   217                30.9
   70   117                61.2
   71   106                 2.5
   72   122                12.7
   72   214                14.4
   73    42                12.1
   73   146                24.1
   74    61                13.3
   74   153                21.6
   74   196                28.2
   74    44                40.1
   75   178                 7.9
   75    33                16.6
   75    35                  22
   76   240                 4.1
   76   183                 6.4
   76   101                18.8
   77   100                 7.5
   77   231                22.3
   77   240                25.3
   78   106                  18
   78    12                42.2
   79    90                12.7
   79   220                14.4
   79   239                24.7
   80    82                12.9
   80   133                14.8
   80    50                15.7
   81     8                18.6
   81    12                27.6
   81    24                38.4
   82    80                12.9
   82   198                19.7
   83   149                14.7
   83    14                26.9
   83   137                42.6
   84   182                 8.9
   84    87                  11
   84   232                18.7
   84    44                39.2
   85   191                 8.7
   85   144                10.2
   86   226                11.9
   86    91                15.8
   86    10                30.2
   87   130                 4.8
   87    84                  11
   88   169                13.9
   88     5                20.2
   88    20                30.3
   89   124                 6.2
   89   143                 7.8
   89   161                10.6
   90   247                 8.4
   90    79                12.7
   90   114                15.2
   91    86                15.8
   91   161                29.2
   92    68                15.8
   92   218                16.9
   93   231                 9.2
   93   151                18.3
   94   163                 8.4
   94   124                11.1
   94   226                14.2
   95   192                 8.8
   95   208                14.2
   95   212                20.7
   95    96                33.3
   96   231                 8.6
   96   235                26.2
   96    95                33.3
   97   141                   5
   97   159                12.5
   97   197                29.8
   98    41                 7.8
   98   191                21.1
   98   119                40.4
   99   167                10.3
   99     7                10.3
   99    22                32.3
  100    77                 7.5
  100   185                 8.4
  100   183                20.8
  101   205                 8.4
  101    76                18.8
  101    49                51.1
  102    27                11.4
  102    57                14.4
  102   118                17.8
  102   147                30.2
  103   180                 8.8
  103   208                65.8
  104   143                   9
  105   178                 8.3
  105   193                 8.3
  105    17                23.9
  106    71                 2.5
  106   246                 3.2
  106    78                  18
  107   204                 8.4
  107   136                13.4
  107   202                15.6
  108   168                  28
  108    66                36.1
  108   155                71.4
  109   165                20.4
  109     3                30.7
  109   193                35.4
  110   151                26.2
  110   180                44.3
  110    28                47.6
  111    57                14.2
  111   118                21.8
  111    30                23.2
  112   212                10.2
  112   208                20.5
  113   157                13.6
  113    11                19.7
  113   244                31.9
  114   201                10.2
  114    53                11.8
  114    49                13.2
  114    90                15.2
  115    54                 6.4
  115    14                15.8
  115   167                21.8
  116   246                 8.8
  116     8                13.7
  117   145                11.6
  117   230                13.5
  117    70                61.2
  118   102                17.8
  118   187                21.7
  118   111                21.8
  119     2                 5.9
  119    31                 6.2
  119   229                23.5
  119    98                40.4
  120   183                 9.4
  120    45                14.7
  120   185                20.1
  120   206                28.1
  121   164                21.9
  121    31                22.8
  121   194                30.3
  122    72                12.7
  122   238                19.5
  122    39                44.5
  123   194                10.5
  123   152                14.4
  124    89                 6.2
  124    94                11.1
  125    44                10.9
  125   162                  18
  125   241                19.4
  125    19                  38
  126   215                11.5
  126    39                11.5
  127   212                 8.2
  127   243                16.3
  127     6                22.4
  127   235                56.8
  128   145                12.7
  128   210                12.8
  129   240                 8.5
  129   235                26.4
  130    87                 4.8
  130   182                10.2
  131   157                10.7
  131    15                22.6
  131   136                31.9
  131   201                38.6
  132   135                 0.4
  132   150                13.9
  132   141                26.6
  133   219                14.7
  133    80                14.8
  133    40                17.8
  134   140                10.4
  134    43                29.7
  135   132                 0.4
  135   197                 5.4
  135   173                28.7
  136   107                13.4
  136    34                14.7
  136   131                31.9
  137    61                22.7
  137   139                34.4
  137    83                42.6
  138   153                12.6
  138   149                26.6
  139   190                  11
  139    19                32.8
  139   137                34.4
  139     7                40.7
  140   134                10.4
  140     8                13.8
  141    97                   5
  141   234                17.3
  141   199                18.3
  141   132                26.6
  142   175                 7.6
  142   153                28.8
  143    89                 7.8
  143   104                   9
  144   177                 5.1
  144    85                10.2
  144   155                19.3
  145   117                11.6
  145   128                12.7
  146   177                15.1
  146    73                24.1
  147    60                 3.9
  147   209                16.6
  147   102                30.2
  148   163                 6.6
  148   189                22.1
  149    83                14.7
  149   138                26.6
  149    54                31.9
  150   234                13.4
  150   132                13.9
  150    20                  24
  151   192                 1.2
  151    93                18.3
  151   110                26.2
  152   123                14.4
  152   154                  18
  153   138                12.6
  153    74                21.6
  153   142                28.8
  154   229                13.7
  154   152                  18
  154    29                20.8
  154    31                  23
  155   237                13.7
  155   144                19.3
  155   108                71.4
  156   179                 8.3
  156    16                17.5
  157   131                10.7
  157   113                13.6
  157   242                26.4
  158    13                 5.9
  158   173                 8.8
  158    36                36.1
  159   222                11.8
  159    97                12.5
  159    25                14.6
  160   227                 7.6
  160    67                17.3
  161    89                10.6
  161    91                29.2
  162   125                  18
  162    45                20.2
  162   181                  22
  162   206                23.6
  163   148                 6.6
  163    94                 8.4
  163    54                22.4
  164   228                14.3
  164    63                21.5
  164   121                21.9
  164     9                23.4
  165    52                  13
  165   109                20.4
  165    45                28.8
  165    28                38.3
  166   238                  13
  166     6                45.3
  167    99                10.3
  167   115                21.8
  167    16                31.4
  167   199                42.3
  168   187                15.6
  168   108                  28
  168   195                46.2
  168   211                58.5
  169    88                13.9
  169   202                14.3
  169    51                20.6
  169    34                  35
  170    47                 4.5
  170    51                11.1
  170     5                25.2
  171    26                 8.5
  171   221                 8.6
  172    18                10.8
  172    37                12.2
  173   158                 8.8
  173    20                16.7
  173   135                28.7
  174   239                 2.1
  174    60                 6.8
  174    27                29.6
  175   142                 7.6
  175   196                19.4
  176    32                 8.4
  176    33                21.8
  177   245                 3.7
  177   144                 5.1
  177   146                15.1
  178    62                 5.5
  178    75                 7.9
  178   105                 8.3
  178    37                27.1
  179   189                 5.4
  179   156                 8.3
  180   103                 8.8
  180    65                14.4
  180   110                44.3
  181    52                12.8
  181    44                20.5
  181   162                  22
  182    69                 3.8
  182    84                 8.9
  182   130                10.2
  183    76                 6.4
  183   120                 9.4
  183   100                20.8
  184    24                 1.9
  184    30                18.7
  184    58                37.2
  185   100                 8.4
  185   120                20.1
  185    28                28.3
  186   216                19.1
  186   198                22.8
  186     1                42.4
  187   168                15.6
  187   118                21.7
  187    30                32.4
  187    11                40.2
  188   191                14.9
  188   237                15.3
  188   221                19.3
  189   179                 5.4
  189    10                19.5
  189   148                22.1
  190    64                 4.6
  190    47                10.1
  190   139                  11
  191    85                 8.7
  191   188                14.9
  191    98                21.1
  192   151                 1.2
  192    95                 8.8
  193   105                 8.3
  193    28                29.9
  193   109                35.4
  194    29                 9.1
  194   123                10.5
  194   121                30.3
  195    67                 7.9
  195    11                13.8
  195    66                31.2
  195   168                46.2
  196    69                  12
  196   175                19.4
  196    74                28.2
  197   135                 5.4
  197    36                 7.7
  197    97                29.8
  198    13                 6.3
  198    82                19.7
  198   186                22.8
  199   222                 3.2
  199   223                18.3
  199   141                18.3
  199   167                42.3
  200   238                 7.3
  200    38                  19
  201   114                10.2
  201   220                25.2
  201   131                38.6
  202   169                14.3
  202   107                15.6
  202     0                  31
  203   243                15.4
  203   247                29.5
  204   107                 8.4
  204    15                21.6
  205   101                 8.4
  205   206                 9.5
  205   224                32.5
  206   205                 9.5
  206   162                23.6
  206   120                28.1
  206    19                32.9
  207   219                   9
  208    95                14.2
  208   112                20.5
  208   103                65.8
  209   147                16.6
  209   214                21.2
  209    58                26.4
  210    48                 9.6
  210    68                12.1
  210   128                12.8
  211    43                 3.1
  211   168                58.5
  212   127                 8.2
  212   112                10.2
  212    95                20.7
  213   225                10.3
  213    15                18.7
  213     4                23.5
  214    72                14.4
  214     6                16.2
  214   209                21.2
  215    38                11.2
  215   126                11.5
  216   225                 5.1
  216   233                16.7
  216   186                19.1
  217   222                 9.4
  217    70                30.9
  218   248                 9.6
  218   219                15.6
  218    92                16.9
  219   207                   9
  219   133                14.7
  219   218                15.6
  219     1                44.6
  220   244                12.7
  220    79                14.4
  220   201                25.2
  221   229                   8
  221   171                 8.6
  221   188                19.3
  222   199                 3.2
  222   217                 9.4
  222   159                11.8
  223    22                 8.4
  223   199                18.3
  223     5                23.9
  224    34                18.7
  224    19                27.6
  224    51                28.1
  224   205                32.5
  225   216                 5.1
  225   213                10.3
  225   242                20.1
  226    86                11.9
  226    94                14.2
  227    21                 6.8
  227   160                 7.6
  227    56                13.9
  228   164                14.3
  228   248                19.3
  229   221                   8
  229   154                13.7
  229   119                23.5
  230   117                13.5
  230    25                22.5
  230    36                24.8
  231    96                 8.6
  231    93                 9.2
  231    77                22.3
  232    84                18.7
  232    52                30.3
  232     3                  37
  233    56                   8
  233   216                16.7
  233   242                20.9
  233   249                51.8
  234   150                13.4
  234   141                17.3
  234     5                23.3
  235    53                24.6
  235    96                26.2
  235   129                26.4
  235   127                56.8
  236    27                 6.2
  236   244                10.9
  236    11                35.5
  237   155                13.7
  237   188                15.3
  238   200                 7.3
  238   166                  13
  238   122                19.5
  239   174                 2.1
  239    55                 4.6
  239    79                24.7
  240    76                 4.1
  240   129                 8.5
  240    77                25.3
  241    61                15.5
  241   125                19.4
  242    67                17.9
  242   225                20.1
  242   233                20.9
  242   157                26.4
  243   203                15.4
  243   127                16.3
  243    55                26.4
  244   236                10.9
  244   220                12.7
  244   113                31.9
  245   177                 3.7
  245    41                25.7
  246   106                 3.2
  246   116                 8.8
  247    90                 8.4
  247    53                 9.5
  247   203                29.5
  248   218                 9.6
  248     9                10.2
  248   228                19.3
  249     1                 7.6
  249    41                 8.1
  249   233                51.8
