576
    0   154                   7
    0   113                28.3
    1   180                 7.2
    1   169                 7.9
    1   198                18.9
    2    53                  18
    2   148                20.2
    2    85                20.9
    3    28                 5.3
    3   171                15.8
    3   116                  20
    4   196                14.4
    4   149                14.6
    4   156                16.5
    5    59                12.2
    5    21                14.8
    5    12                43.5
    6   153                 2.5
    6   166                11.4
    7    21                28.2
    7   102                33.2
    7   122                71.7
    8   125                 7.6
    8    32                16.5
    8   166                22.7
    9    34                 8.7
    9    82                 8.9
    9    19                  16
   10   182                 4.9
   10    98                  19
   11    84                10.5
   11   142                10.7
   12    29                 7.9
   12   144                14.4
   12     5                43.5
   13   184                 1.3
   13    76                11.9
   13    22                23.6
   14    32                13.6
   14    47                21.2
   14   126                22.1
   15   111                11.7
   15   153                18.2
   15    54                  32
   16    25                22.1
   16    99                29.8
   17    81                 5.3
   17   165                15.4
   17    88                20.9
   18   170                11.1
   18    58                13.3
   18   138                17.3
   18   127                42.7
   19    57                  11
   19    44                14.8
   19     9                  16
   19    27                18.9
   20    71                 4.1
   20   101                22.5
   20   167                30.7
   20    84                31.5
   21    38                10.6
   21     5                14.8
   21     7                28.2
   22   134                11.3
   22   100                20.7
   22    13                23.6
   23    93                 4.2
   23    91                 6.8
   23   199                25.6
   24    72                12.3
   24    34                19.8
   24   181                33.1
   25   182                17.1
   25    16                22.1
   25   178                48.7
   26   133                18.2
   26   103                18.9
   26    56                23.2
   26   123                26.9
   27    48                 9.3
   27   172                14.4
   27    19                18.9
   27   198                25.8
   28     3                 5.3
   28    87                 7.1
   28   115                55.3
   29   122                 3.5
   29    12                 7.9
   29   150                10.8
   30   102                 3.9
   30   183                 7.2
   31   114                10.6
   31   189                11.8
   31    39                12.8
   32    14                13.6
   32     8                16.5
   32   120                18.9
   33   174                15.7
   33   186                19.9
   33   106                20.9
   34     9                 8.7
   34    57                18.5
   34    24                19.8
   35    56                15.5
   35   123                  30
   36    51                15.3
   36   174                15.7
   36   150                22.2
   37    55                 8.2
   37    83                30.1
   37   176                47.3
   38    21                10.6
   38    59                19.8
   38    61                21.6
   38   159                30.6
   39    31                12.8
   39    94                15.6
   39    90                  26
   40    65                 6.4
   40   139                12.3
   41    74                 4.1
   41   137                 8.1
   41    86                15.6
   42   109                 0.4
   42   110                 4.4
   43    55                14.1
   43    78                28.9
   43   194                  37
   44    97                 8.8
   44    19                14.8
   44    79                27.1
   45   184                  22
   45   168                37.2
   45    50                64.2
   46   104                13.5
   46   186                19.4
   46   106                  30
   46   172                33.4
   47   120                  11
   47   181                12.1
   47    14                21.2
   47    72                38.2
   48    27                 9.3
   48   169                17.9
   49   105                16.4
   49   127                22.6
   49    58                49.7
   50   164                10.6
   50    45                64.2
   51    88                 3.5
   51   185                12.7
   51    36                15.3
   52   107                 2.9
   52   140                11.5
   53     2                  18
   53    69                27.7
   53    67                35.7
   54   154                 8.9
   54    15                  32
   54   140                39.3
   55    37                 8.2
   55    43                14.1
   55   117                18.8
   55   187                40.3
   56    35                15.5
   56   164                17.6
   56    26                23.2
   57    19                  11
   57    34                18.5
   57   141                48.7
   58    18                13.3
   58   195                21.9
   58   107                27.5
   58    49                49.7
   59     5                12.2
   59    38                19.8
   59   188                25.5
   59    96                27.3
   60   140                 5.7
   60   197                18.3
   61   142                 4.7
   61    38                21.6
   62   158                 4.8
   62    78                15.9
   63    68                 9.9
   63    79                10.2
   63   157                20.9
   63   182                53.3
   64    65                10.5
   64   152                20.8
   64   108                23.7
   64   127                33.3
   65    40                 6.4
   65    64                10.5
   65   146                  11
   66    98                12.4
   66    68                26.9
   67    53                35.7
   67   152                40.7
   68    63                 9.9
   68   141                23.6
   68    66                26.9
   69   161                 6.6
   69   118                11.7
   69    53                27.7
   70   160                  12
   70   197                12.8
   71    20                 4.1
   71   121                10.5
   72    24                12.3
   72   189                16.9
   72    47                38.2
   73   175                 4.6
   73   105                 8.7
   73   120                30.4
   74    41                 4.1
   74   183                15.6
   75    90                11.5
   75   114                12.2
   75   153                49.8
   76   163                 7.6
   76    13                11.9
   76   133                32.9
   77   128                 8.5
   77   119                15.1
   77    80                22.3
   77   156                44.5
   78   129                12.3
   78    62                15.9
   78    43                28.9
   79    63                10.2
   79    44                27.1
   80   146                  19
   80   139                21.2
   80    77                22.3
   81    17                 5.3
   81   116                11.3
   81   147                22.8
   82     9                 8.9
   82   172                19.1
   82   104                32.9
   83   156                 7.3
   83    37                30.1
   83   119                37.9
   84    11                10.5
   84   193                  20
   84   159                30.2
   84    20                31.5
   85   170                 5.5
   85     2                20.9
   86   192                 6.8
   86    41                15.6
   87    28                 7.1
   88    51                 3.5
   88   179                16.4
   88    17                20.9
   89   138                14.2
   89   161                24.4
   90   109                   4
   90    75                11.5
   90    39                  26
   91    23                 6.8
   91   106                 8.2
   91   104                33.6
   92   178                 3.8
   92   193                13.4
   93    23                 4.2
   93   117                15.1
   94   173                 2.7
   94    39                15.6
   94   134                19.7
   95   136                 2.6
   95   132                17.5
   96   169                19.4
   96   172                  26
   96    59                27.3
   97    44                 8.8
   97   198                20.5
   97   157                24.3
   98   168                 7.1
   98    66                12.4
   98    10                  19
   98   184                  47
   99   121                 6.4
   99   193                12.9
   99    16                29.8
  100   143                 4.9
  100   110                18.6
  100    22                20.7
  101   135                17.3
  101    20                22.5
  102    30                 3.9
  102   159                17.4
  102     7                33.2
  103   191                16.9
  103    26                18.9
  103   177                19.9
  104    46                13.5
  104    82                32.9
  104    91                33.6
  104   155                51.5
  105    73                 8.7
  105    49                16.4
  105   160                23.7
  106    91                 8.2
  106    33                20.9
  106    46                  30
  107    52                 2.9
  107   131                14.2
  107    58                27.5
  108   196                 5.1
  108   149                17.8
  108   124                17.9
  108    64                23.7
  109    42                 0.4
  109    90                   4
  109   134                31.1
  110    42                 4.4
  110   100                18.6
  110   151                22.4
  111   151                10.2
  111    15                11.7
  112   194                10.6
  112   158                16.6
  113   177                14.8
  113     0                28.3
  113   123                39.4
  114    31                10.6
  114   126                10.7
  114    75                12.2
  115   147                 8.1
  115   122                35.1
  115    28                55.3
  116    81                11.3
  116     3                  20
  116   187                23.4
  117    93                15.1
  117    55                18.8
  117   179                37.9
  118    69                11.7
  119    77                15.1
  119   176                27.6
  119    83                37.9
  120    47                  11
  120    32                18.9
  120    73                30.4
  121    99                 6.4
  121    71                10.5
  122    29                 3.5
  122   115                35.1
  122     7                71.7
  123    26                26.9
  123    35                  30
  123   113                39.4
  124   145                 7.9
  124   108                17.9
  124   175                  23
  125     8                 7.6
  125   160                11.8
  126   114                10.7
  126    14                22.1
  127   148                 2.3
  127    49                22.6
  127    64                33.3
  127    18                42.7
  128    77                 8.5
  128   132                 9.9
  128   136                14.7
  129    78                12.3
  129   171                14.5
  129   187                15.5
  130   132                14.7
  130   190                29.3
  131   140                10.7
  131   107                14.2
  132   128                 9.9
  132   130                14.7
  132    95                17.5
  133    26                18.2
  133   191                24.9
  133    76                32.9
  134    22                11.3
  134    94                19.7
  134   109                31.1
  135   162                 4.6
  135   192                 5.8
  135   101                17.3
  136    95                 2.6
  136   128                14.7
  137   162                 7.8
  137    41                 8.1
  137   167                17.5
  138    89                14.2
  138   195                16.7
  138    18                17.3
  139   190                   8
  139   152                 9.5
  139    40                12.3
  139    80                21.2
  140    60                 5.7
  140   131                10.7
  140    52                11.5
  140    54                39.3
  141   173                10.9
  141    68                23.6
  141   184                48.1
  141    57                48.7
  142   180                   2
  142    61                 4.7
  142    11                10.7
  143   100                 4.9
  143   191                 6.2
  144    12                14.4
  144   150                16.1
  144   188                17.7
  145   124                 7.9
  145   149                20.8
  145   155                22.8
  146    65                  11
  146   196                  15
  146    80                  19
  147   115                 8.1
  147   185                 8.8
  147    81                22.8
  148   127                 2.3
  148     2                20.2
  148   152                34.2
  149     4                14.6
  149   108                17.8
  149   145                20.8
  149   199                27.3
  150    29                10.8
  150   144                16.1
  150   185                21.5
  150    36                22.2
  151   111                10.2
  151   177                  15
  151   110                22.4
  152   139                 9.5
  152    64                20.8
  152   148                34.2
  152    67                40.7
  153     6                 2.5
  153    15                18.2
  153    75                49.8
  154     0                   7
  154    54                 8.9
  155   181                18.5
  155   145                22.8
  155   104                51.5
  156    83                 7.3
  156     4                16.5
  156    77                44.5
  157   178                19.2
  157    63                20.9
  157    97                24.3
  158    62                 4.8
  158   112                16.6
  159   102                17.4
  159    84                30.2
  159    38                30.6
  160   125                11.8
  160    70                  12
  160   105                23.7
  161    69                 6.6
  161   170                 7.5
  161    89                24.4
  162   135                 4.6
  162   137                 7.8
  163    76                 7.6
  163   164                41.7
  164    50                10.6
  164    56                17.6
  164   163                41.7
  165   179                  12
  165    17                15.4
  165   187                18.5
  166     6                11.4
  166   197                19.8
  166     8                22.7
  167   183                12.4
  167   137                17.5
  167    20                30.7
  168    98                 7.1
  168    45                37.2
  169     1                 7.9
  169    48                17.9
  169    96                19.4
  170    85                 5.5
  170   161                 7.5
  170    18                11.1
  171   129                14.5
  171     3                15.8
  172    27                14.4
  172    82                19.1
  172    96                  26
  172    46                33.4
  173    94                 2.7
  173   141                10.9
  173   189                28.9
  174    36                15.7
  174    33                15.7
  175    73                 4.6
  175   124                  23
  176   194                15.7
  176   119                27.6
  176    37                47.3
  177   113                14.8
  177   151                  15
  177   103                19.9
  178    92                 3.8
  178   157                19.2
  178   198                31.8
  178    25                48.7
  179   165                  12
  179    88                16.4
  179   117                37.9
  180   142                   2
  180     1                 7.2
  181    47                12.1
  181   155                18.5
  181    24                33.1
  182    10                 4.9
  182    25                17.1
  182    63                53.3
  183    30                 7.2
  183   167                12.4
  183    74                15.6
  184    13                 1.3
  184    45                  22
  184    98                  47
  184   141                48.1
  185   147                 8.8
  185    51                12.7
  185   150                21.5
  186    46                19.4
  186    33                19.9
  186   188                46.1
  187   129                15.5
  187   165                18.5
  187   116                23.4
  187    55                40.3
  188   144                17.7
  188    59                25.5
  188   186                46.1
  189    31                11.8
  189    72                16.9
  189   173                28.9
  190   139                   8
  190   130                29.3
  191   143                 6.2
  191   103                16.9
  191   133                24.9
  192   135                 5.8
  192    86                 6.8
  193    99                12.9
  193    92                13.4
  193    84                  20
  194   112                10.6
  194   176                15.7
  194    43                  37
  195   138                16.7
  195    58                21.9
  196   108                 5.1
  196     4                14.4
  196   146                  15
  197    70                12.8
  197    60                18.3
  197   166                19.8
  198     1                18.9
  198    97                20.5
  198    27                25.8
  198   178                31.8
  199    23                25.6
  199   149                27.3
