874
    0   164                 3.2
    0   273                 8.1
    0   152                42.1
    1   160                 1.6
    1   270                21.7
    2    62                15.3
    2    21                31.2
    2   180                33.4
    3   230                10.5
    3   100                34.8
    3   298                37.2
    3   215                50.9
    4   118                11.7
    4   170                19.9
    4    85                23.8
    5   222                12.6
    5   243                12.7
    5    78                24.8
    6   238                 3.1
    6    55                10.8
    6    57                24.4
    7    24                 4.6
    7   282                   8
    7    67                20.9
    7   192                53.7
    8   233                16.8
    8   185                23.8
    8   215                38.2
    9   180                12.6
    9   211                13.2
   10   136                 4.4
   10    79                13.4
   11   279                  16
   11   200                23.1
   11   153                32.2
   12   293                 5.5
   12   126                11.6
   12   242                  14
   12   229                32.8
   13   246                 4.9
   13   153                  25
   13   104                  26
   13   145                58.7
   14   105                18.1
   14   137                19.7
   14   225                  33
   14    31                66.6
   15   229                14.6
   15   119                19.1
   15   126                25.6
   16   218                 6.9
   16    96                 8.5
   16   163                16.7
   17   161                11.4
   17   113                25.2
   17    68                47.3
   18   210                 2.3
   18   107                10.5
   19   123                 7.5
   19   195                 8.8
   20   123                14.4
   20   295                17.4
   20   245                22.3
   20   102                30.3
   21    28                21.4
   21    79                22.4
   21     2                31.2
   22   174                12.9
   22    86                16.6
   23   106                 3.7
   23   173                 9.2
   23   115                23.7
   24     7                 4.6
   24   253                24.1
   24   193                30.8
   24   202                36.4
   25    67                 3.2
   25    80                 5.4
   25   260                40.4
   26   232                 3.4
   27   211                14.4
   27   167                36.8
   27   163                37.7
   28    21                21.4
   28   236                 252
   29   131                   6
   29   176                 7.7
   29   134                 9.1
   30   129                 7.3
   30   161                27.2
   31   257                 7.4
   31   260                13.5
   31    56                16.8
   31    14                66.6
   32   263                 3.7
   32    50                 7.4
   32    47                15.8
   33   250                 8.6
   33   297                11.6
   33   125                  19
   34    85                11.4
   34   125                14.4
   34   170                32.4
   35   174                 6.5
   35   121                 8.8
   35   162                34.7
   36   240                 5.3
   36   116                15.6
   36   117                  26
   37   170                 9.9
   37    90                11.1
   37   217                14.8
   38   181                17.8
   38    92                35.9
   39   260                 3.9
   39    47                  11
   39   263                15.9
   40   191                  16
   40   275                17.2
   40   294                25.5
   41   252                21.8
   41   296                22.2
   41   138                27.6
   41   289                38.4
   42   207                 1.9
   42   286                30.7
   43    60                 5.2
   43    90                14.1
   44    69                10.1
   44   254                13.6
   45   112                34.4
   45   109                36.1
   45   148                43.7
   46   171                18.2
   46   180                24.7
   46   167                30.5
   47    49                 7.3
   47    39                  11
   47    32                15.8
   48    69                15.2
   48   288                23.6
   49    70                 5.9
   49    47                 7.3
   50    32                 7.4
   50   195                17.7
   50    70                21.8
   50   295                22.4
   51   159                 6.8
   51   127                22.8
   51   204                28.9
   52   168                 5.2
   52   250                28.8
   52   213                42.9
   52   132                51.6
   53   178                31.3
   53    92                32.5
   54    64                 3.6
   54   152                17.1
   54   273                46.3
   55     6                10.8
   55    86                11.5
   55   291                15.6
   55   121                  27
   56   261                14.7
   56    31                16.8
   57   107                13.3
   57     6                24.4
   57   205                36.4
   58   248                21.9
   58   165                22.7
   58   169                23.4
   59   112                15.2
   59   165                15.4
   59   148                43.6
   60    43                 5.2
   60    78                 9.7
   60   243                18.6
   60   290                19.9
   61    89                 2.9
   61   151                 5.3
   62   232                10.7
   62     2                15.3
   62    96                  31
   63   107                 2.9
   63    88                16.9
   63   186                30.7
   63    73                51.2
   64    54                 3.6
   64   269                16.7
   64   144                22.7
   65   155                 7.7
   65   113                11.6
   65   135                53.2
   66   186                 2.5
   66    88                26.4
   66   268                34.2
   67    25                 3.2
   67     7                20.9
   67   263                47.2
   68   105                10.9
   68   278                25.4
   68   137                  27
   68    17                47.3
   69    44                10.1
   69    48                15.2
   69   220                22.3
   70    49                 5.9
   70    50                21.8
   70   108                25.6
   71   245                 8.5
   71   197                14.9
   71    75                15.7
   72   183                20.9
   72   278                20.9
   72    91                47.4
   73   144                13.4
   73    63                51.2
   74   275                23.4
   74   191                24.7
   74   237                26.9
   74   206                  41
   75   287                 5.7
   75    71                15.7
   75   233                29.8
   76   206                13.2
   76   175                14.3
   76   165                16.1
   77   216                 5.6
   77   182                29.8
   78   204                 6.4
   78    60                 9.7
   78     5                24.8
   79    10                13.4
   79    21                22.4
   80    25                 5.4
   80   261                 9.1
   81   266                 3.5
   81   129                 4.6
   81    97                 5.9
   82   283                12.9
   82   126                16.7
   82   206                17.5
   83   251                 6.6
   83   299                 7.9
   83   263                37.7
   84   217                13.9
   84   132                24.5
   84   274                27.8
   85    34                11.4
   85   135                16.9
   85     4                23.8
   86    55                11.5
   86    22                16.6
   86   293                  19
   86   150                20.7
   87   297                  10
   87   135                10.4
   88    63                16.9
   88    66                26.4
   88   162                38.5
   89    61                 2.9
   89   130                  24
   90    37                11.1
   90    43                14.1
   90   290                17.4
   91   117                  18
   91   225                26.4
   91    72                47.4
   92   262                 9.2
   92    53                32.5
   92    38                35.9
   93   294                 6.3
   93   148                  13
   93   128                18.4
   94   280                11.1
   94   227                12.9
   94   194                46.7
   95   147                 5.1
   95   154                 8.5
   96   136                 7.1
   96    16                 8.5
   96    62                  31
   97   209                 2.5
   97    81                 5.9
   98   139                 5.5
   98   116                23.1
   98   224                28.8
   99   249                 4.4
   99   124                17.5
   99   160                25.8
  100   270                24.3
  100     3                34.8
  101   134                 8.8
  101   158                12.6
  102   133                23.2
  102   240                26.7
  102    20                30.3
  103   228                 3.5
  104   117                   8
  104   114                23.2
  104    13                  26
  105    68                10.9
  105    14                18.1
  106    23                 3.7
  106   155                18.8
  106   118                  24
  107    63                 2.9
  107    18                10.5
  107    57                13.3
  108   240                20.8
  108   295                  25
  108    70                25.6
  108   225                  29
  109   208                16.2
  109   189                25.1
  109   277                27.5
  109    45                36.1
  110   264                 6.3
  110   122                25.4
  110   120                33.5
  111   162                 4.6
  111   214                 5.5
  111   145                12.4
  112    59                15.2
  112   248                20.2
  112    45                34.4
  113    65                11.6
  113   277                18.9
  113    17                25.2
  114   183                21.7
  114   104                23.2
  114   153                26.2
  115   177                 1.4
  115   262                 8.6
  115    23                23.7
  116    36                15.6
  116    98                23.1
  116   133                24.6
  117   104                   8
  117    91                  18
  117   246                25.2
  117    36                  26
  118   244                 9.3
  118     4                11.7
  118   106                  24
  119   183                11.6
  119    15                19.1
  119   266                36.4
  119   283                39.9
  120   110                33.5
  120   231                  41
  121    35                 8.8
  121   210                14.5
  121    55                  27
  122   146                10.4
  122   110                25.4
  123    19                 7.5
  123   197                13.9
  123    20                14.4
  124   156                 8.4
  124    99                17.5
  125   168                10.8
  125   135                11.4
  125    34                14.4
  125    33                  19
  126    12                11.6
  126    82                16.7
  126    15                25.6
  127   222                13.9
  127    51                22.8
  128   175                12.8
  128   275                  15
  128    93                18.4
  129    81                 4.6
  129   209                 5.8
  129    30                 7.3
  130   231                16.4
  130   187                20.3
  130    89                  24
  131   166                 3.4
  131    29                   6
  131   272                11.1
  132   220                  20
  132    84                24.5
  132   288                27.4
  132    52                51.6
  133   185                13.7
  133   102                23.2
  133   116                24.6
  134   101                 8.8
  134    29                 9.1
  134   224                33.5
  135    87                10.4
  135   125                11.4
  135    85                16.9
  135    65                53.2
  136    10                 4.4
  136    96                 7.1
  136   276                  30
  137   297                  11
  137    14                19.7
  137    68                  27
  138   184                 8.1
  138   158                13.9
  138    41                27.6
  139    98                 5.5
  139   246                15.6
  139   194                24.5
  140   167                12.1
  140   227                16.9
  140   268                31.5
  141   241                 3.1
  141   187                 9.9
  141   258                45.1
  142   219                12.9
  142   199                20.3
  142   203                27.1
  143   166                13.5
  143   216                14.7
  143   215                15.2
  144   205                  12
  144    73                13.4
  144    64                22.7
  144   238                33.3
  145   281                 8.2
  145   111                12.4
  145   268                53.6
  145    13                58.7
  146   122                10.4
  146   236                25.9
  146   157                45.2
  147    95                 5.1
  147   189                15.7
  147   178                28.3
  148    93                  13
  148    59                43.6
  148    45                43.7
  149   286                12.1
  149   158                27.2
  149   285                42.8
  150   291                 3.2
  150   256                  10
  150   237                12.8
  150    86                20.7
  151    61                 5.3
  151   253                 6.4
  151   282                17.6
  152    54                17.1
  152     0                42.1
  153    13                  25
  153   114                26.2
  153    11                32.2
  154    95                 8.5
  154   223                10.7
  155    65                 7.7
  155   244                18.7
  155   106                18.8
  156   197                 8.2
  156   124                 8.4
  156   299                13.9
  156   157                43.2
  157   265                14.7
  157   160                28.4
  157   156                43.2
  157   146                45.2
  158   101                12.6
  158   176                13.6
  158   138                13.9
  158   149                27.2
  159    51                 6.8
  159   274                18.1
  160     1                 1.6
  160    99                25.8
  160   157                28.4
  161    17                11.4
  161   248                24.3
  161    30                27.2
  162   111                 4.6
  162    35                34.7
  162    88                38.5
  163   285                 0.7
  163    16                16.7
  163   252                31.9
  163    27                37.7
  164     0                 3.2
  164   203                20.2
  165   198                12.2
  165    59                15.4
  165    76                16.1
  165    58                22.7
  166   131                 3.4
  166   143                13.5
  166   185                  41
  167   140                12.1
  167   296                29.6
  167    46                30.5
  167    27                36.8
  168    52                 5.2
  168   125                10.8
  168   217                57.9
  169   283                19.1
  169    58                23.4
  169   266                24.1
  170    37                 9.9
  170     4                19.9
  170    34                32.4
  171   172                14.2
  171    46                18.2
  172   268                 8.8
  172   171                14.2
  172   228                38.3
  173    23                 9.2
  173   177                22.6
  173   188                  26
  174    35                 6.5
  174   259                11.8
  174    22                12.9
  174   214                39.5
  175   128                12.8
  175    76                14.3
  176   272                 3.4
  176    29                 7.7
  176   158                13.6
  177   115                 1.4
  177   173                22.6
  177   178                34.1
  178   147                28.3
  178    53                31.3
  178   177                34.1
  179   200                 1.3
  179   229                 6.4
  179   259                12.1
  180     9                12.6
  180    46                24.7
  180     2                33.4
  181   222                 4.4
  181    38                17.8
  182   298                13.4
  182    77                29.8
  183   119                11.6
  183    72                20.9
  183   114                21.7
  183   212                28.2
  184   138                 8.1
  184   252                  23
  185   133                13.7
  185   224                19.6
  185     8                23.8
  185   166                  41
  186    66                 2.5
  186   228                 6.2
  186    63                30.7
  187   141                 9.9
  187   130                20.3
  188   277                17.8
  188   189                  24
  188   173                  26
  189   147                15.7
  189   188                  24
  189   109                25.1
  190   233                12.3
  190   245                16.5
  191   247                12.2
  191    40                  16
  191    74                24.7
  192   299                 6.5
  192   255                18.5
  192     7                53.7
  193   254                27.8
  193    24                30.8
  194   289                 5.2
  194   139                24.5
  194    94                46.7
  195    19                 8.8
  195   251                15.3
  195    50                17.7
  196   276                14.5
  196   234                16.9
  196   218                  21
  197   156                 8.2
  197   251                11.9
  197   123                13.9
  197    71                14.9
  198   206                10.5
  198   283                12.1
  198   165                12.2
  199   273                 1.5
  199   239                17.2
  199   142                20.3
  200   179                 1.3
  200    11                23.1
  201   297                 6.5
  202   261                 2.6
  202   213                16.4
  202   271                18.5
  202    24                36.4
  203   235                   7
  203   164                20.2
  203   142                27.1
  204    78                 6.4
  204   217                15.1
  204    51                28.9
  205   144                  12
  205    57                36.4
  206   198                10.5
  206    76                13.2
  206    82                17.5
  206    74                  41
  207   272                 0.8
  207    42                 1.9
  208   109                16.2
  208   223                21.3
  208   235               184.4
  209   278                 2.4
  209    97                 2.5
  209   129                 5.8
  210    18                 2.3
  210   121                14.5
  211   232                 3.7
  211     9                13.2
  211    27                14.4
  212   229                 6.9
  212   183                28.2
  213   202                16.4
  213   257                24.9
  213   220                40.3
  213    52                42.9
  214   279                 2.9
  214   111                 5.5
  214   174                39.5
  215   143                15.2
  215     8                38.2
  215     3                50.9
  216    77                 5.6
  216   143                14.7
  217    84                13.9
  217    37                14.8
  217   204                15.1
  217   168                57.9
  218    16                 6.9
  218   285                15.4
  218   196                  21
  219   247                11.4
  219   142                12.9
  219   239                26.1
  220   132                  20
  220    69                22.3
  220   213                40.3
  221   222                 6.1
  222   181                 4.4
  222   221                 6.1
  222     5                12.6
  222   127                13.9
  223   154                10.7
  223   208                21.3
  224   185                19.6
  224    98                28.8
  224   289                30.6
  224   134                33.5
  225    91                26.4
  225   108                  29
  225    14                  33
  225   260                55.4
  226   258                12.4
  226   284                  17
  227    94                12.9
  227   140                16.9
  227   281                25.1
  228   103                 3.5
  228   186                 6.2
  228   172                38.3
  229   179                 6.4
  229   212                 6.9
  229    15                14.6
  229    12                32.8
  230   287                 8.9
  230     3                10.5
  231   130                16.4
  231   120                  41
  232    26                 3.4
  232   211                 3.7
  232    62                10.7
  233   190                12.3
  233     8                16.8
  233    75                29.8
  234   196                16.9
  234   286                24.8
  235   203                   7
  235   208               184.4
  236   270                 4.9
  236   146                25.9
  236    28                 252
  237   150                12.8
  237    74                26.9
  237   242                33.7
  237   267                  34
  238     6                 3.1
  238   256                19.5
  238   144                33.3
  239   199                17.2
  239   267                24.6
  239   219                26.1
  240    36                 5.3
  240   108                20.8
  240   102                26.7
  241   141                 3.1
  241   264                17.3
  241   265                33.3
  242    12                  14
  242   237                33.7
  243     5                12.7
  243    60                18.6
  243   262                25.9
  244   118                 9.3
  244   155                18.7
  245    71                 8.5
  245   190                16.5
  245    20                22.3
  246    13                 4.9
  246   139                15.6
  246   117                25.2
  247   219                11.4
  247   191                12.2
  248   112                20.2
  248    58                21.9
  248   161                24.3
  248   277                40.6
  249    99                 4.4
  249   287                 7.7
  250    33                 8.6
  250    52                28.8
  250   257                32.8
  251    83                 6.6
  251   197                11.9
  251   195                15.3
  252    41                21.8
  252   184                  23
  252   163                31.9
  253   151                 6.4
  253   292                 8.7
  253    24                24.1
  254    44                13.6
  254   271                  16
  254   193                27.8
  255   258                10.1
  255   265                10.1
  255   192                18.5
  256   150                  10
  256   269                18.7
  256   238                19.5
  257    31                 7.4
  257   213                24.9
  257   250                32.8
  258   255                10.1
  258   226                12.4
  258   141                45.1
  259   174                11.8
  259   179                12.1
  259   293                24.2
  260    39                 3.9
  260    31                13.5
  260    25                40.4
  260   225                55.4
  261   202                 2.6
  261    80                 9.1
  261    56                14.7
  262   115                 8.6
  262    92                 9.2
  262   290                13.1
  262   243                25.9
  263    32                 3.7
  263    39                15.9
  263    83                37.7
  263    67                47.2
  264   110                 6.3
  264   241                17.3
  265   255                10.1
  265   157                14.7
  265   241                33.3
  266    81                 3.5
  266   169                24.1
  266   119                36.4
  267   269                   9
  267   239                24.6
  267   237                  34
  268   172                 8.8
  268   140                31.5
  268    66                34.2
  268   145                53.6
  269   267                   9
  269    64                16.7
  269   256                18.7
  270   236                 4.9
  270     1                21.7
  270   100                24.3
  271   254                  16
  271   202                18.5
  272   207                 0.8
  272   176                 3.4
  272   131                11.1
  273   199                 1.5
  273     0                 8.1
  273    54                46.3
  274   288                14.7
  274   159                18.1
  274    84                27.8
  275   128                  15
  275    40                17.2
  275    74                23.4
  276   196                14.5
  276   136                  30
  277   188                17.8
  277   113                18.9
  277   109                27.5
  277   248                40.6
  278   209                 2.4
  278    72                20.9
  278    68                25.4
  279   214                 2.9
  279    11                  16
  280    94                11.1
  280   296                13.1
  281   145                 8.2
  281   227                25.1
  282     7                   8
  282   284                10.4
  282   151                17.6
  283   198                12.1
  283    82                12.9
  283   169                19.1
  283   119                39.9
  284   282                10.4
  284   226                  17
  285   163                 0.7
  285   218                15.4
  285   149                42.8
  286   149                12.1
  286   234                24.8
  286    42                30.7
  287    75                 5.7
  287   249                 7.7
  287   230                 8.9
  288   274                14.7
  288    48                23.6
  288   132                27.4
  289   194                 5.2
  289   224                30.6
  289    41                38.4
  290   262                13.1
  290    90                17.4
  290    60                19.9
  291   150                 3.2
  291    55                15.6
  292   253                 8.7
  293    12                 5.5
  293    86                  19
  293   259                24.2
  294    93                 6.3
  294    40                25.5
  295    20                17.4
  295    50                22.4
  295   108                  25
  296   280                13.1
  296    41                22.2
  296   167                29.6
  297   201                 6.5
  297    87                  10
  297   137                  11
  297    33                11.6
  298   182                13.4
  298     3                37.2
  299   192                 6.5
  299    83                 7.9
  299   156                13.9
