878
    0   215                 4.3
    0   180                12.1
    1   222                 5.5
    1   259                13.5
    1   154                27.9
    2   252                14.7
    2   271                22.4
    2   178                30.2
    3    98                   3
    3    44                 8.8
    3    23                  22
    4    35                 3.7
    4   190                30.8
    4   223                31.8
    5   242                   9
    5   292                15.1
    5    19                19.6
    6    89                10.3
    6    39                16.5
    7   285                10.4
    7   276                  16
    7   249                36.8
    8   285                 5.9
    8   246                27.6
    8   172                  30
    9    79                24.7
    9   235                26.8
    9   110                  37
   10   201                  14
   10   102                20.6
   10   204                20.7
   11   220                22.5
   11   182                25.3
   11    31                25.7
   11   256                42.2
   12    61                15.6
   12   272                26.6
   13    38                 1.1
   13    43                 2.5
   13    67                 9.9
   14    48                 6.6
   14    69                11.3
   14   201                22.2
   15    70                  17
   15    75                19.7
   15   277                28.2
   16   263                 4.8
   16   255                 8.2
   17   160                14.4
   17   210                49.1
   18   282                26.4
   18   168                30.1
   18    31                39.2
   18   235                46.3
   19   129                19.3
   19     5                19.6
   19   298                20.9
   19   186                25.9
   20    31                  21
   20   216                25.6
   20   125                33.2
   21   263                38.5
   21   239                  45
   22    56                 1.9
   22    24                 7.3
   22    71                13.2
   23   200                 7.9
   23     3                  22
   24    22                 7.3
   24   194                11.2
   25   158                14.5
   25   120                17.3
   25   138                17.3
   26   213                 5.7
   26   203                13.6
   27    85                 6.9
   27   227                25.1
   28   204                10.6
   28    68                13.3
   28   179                34.4
   29   297                20.8
   29   189                21.5
   29    94                33.1
   30   285                 6.2
   30   118                27.5
   31   250                16.7
   31    20                  21
   31    11                25.7
   31    18                39.2
   32   222                14.9
   32   103                17.2
   32   107                39.6
   33   180                 3.3
   33   189                 7.3
   33    73                27.5
   34   246                   7
   34    76                11.3
   34   214                29.3
   35     4                 3.7
   35    96                21.5
   35   229                68.1
   36   127                25.3
   36   227               105.2
   37   185                 6.7
   37   187                15.8
   37   165                31.6
   37    77                35.7
   38    13                 1.1
   38    49                 4.5
   39    40                15.3
   39   158                15.6
   39     6                16.5
   39   290                28.3
   40   264                12.3
   40    39                15.3
   40   120                  19
   41   193                12.9
   41   183                25.8
   42    51                 8.7
   42    69                13.1
   42   124                19.2
   43    13                 2.5
   44     3                 8.8
   44   203                12.4
   44    84                20.6
   45   122                10.1
   45   157                11.3
   45   213                17.8
   46   244                 5.1
   46   297                16.1
   46   221                28.7
   47   166                 7.9
   47   274                10.1
   47   100                50.2
   48    14                 6.6
   48   102                 8.6
   49    38                 4.5
   49   289                13.4
   49   216                21.9
   50   217                 8.9
   50   279                21.5
   50   118                30.8
   51   256                 5.8
   51    42                 8.7
   52   210                 1.2
   52   103                16.4
   52   222                19.8
   53   238                 7.7
   53   177                27.1
   54   108                   7
   54   178                24.3
   55   252                 8.2
   55   243                15.8
   55   101                21.5
   56    22                 1.9
   57   113                 4.8
   57   296                 8.2
   57   253                14.4
   58   138                   9
   58   251                10.2
   58    66                20.3
   58   239                24.9
   59   147                 1.3
   59   161                   8
   59    90                30.1
   60   153                13.7
   60    87                  17
   60   245                19.9
   60   205                40.2
   61   194                14.8
   61    12                15.6
   62    83                 9.6
   62   172                25.5
   62   146                25.8
   63    81                 9.5
   63   266                  17
   63   109                20.1
   63   269                20.2
   64   222                14.5
   64   259                16.5
   64   288                19.8
   65   124                22.7
   65   132                26.4
   65   208                44.8
   66   255                10.2
   66    58                20.3
   66   158                21.5
   67    13                 9.9
   67   286                10.1
   67   291                18.5
   68    28                13.3
   68   105                24.5
   68   296                35.3
   69    14                11.3
   69    42                13.1
   69   162                22.2
   70   153                12.1
   70    15                  17
   70    85                41.2
   71   257                 6.2
   71    22                13.2
   71   135                35.6
   72    79                 9.1
   72   176                25.5
   72   234                38.7
   73   104                19.8
   73   131                23.2
   73   171                24.2
   73    33                27.5
   74   183                14.3
   74   199                19.5
   74   261                23.2
   74   181                38.9
   75    99                  15
   75    15                19.7
   75   227                  31
   76   232                10.2
   76    34                11.3
   76   173                18.7
   77   137                 1.5
   77   152                18.5
   77    37                35.7
   78   173                12.6
   78   119                17.4
   78   243                37.6
   79   169                 6.3
   79    72                 9.1
   79     9                24.7
   80   275                 3.2
   80   184                14.6
   80   235                21.8
   81   282                   8
   81    63                 9.5
   81   184                14.2
   81   112                40.1
   82   237                 6.6
   82   147                11.5
   82   187                24.3
   83    62                 9.6
   83   106                12.6
   83   183                13.4
   84   195                   6
   84   200                14.1
   84    44                20.6
   85    27                 6.9
   85   160                25.9
   85    70                41.2
   86   253                10.7
   86   130                18.5
   86   268                36.4
   87   265                10.3
   87    60                  17
   87   288                28.5
   88   294                   6
   88   260                24.4
   88   155                43.7
   89     6                10.3
   89   158                11.1
   89   255                19.2
   90   297                15.7
   90   121                18.3
   90    59                30.1
   91   298                13.8
   91   156                18.4
   91   242                22.1
   91   286                24.7
   92   191                 7.4
   92   224                  11
   93   115                 9.1
   93   163                13.5
   93   226                17.2
   94   230                17.9
   94   236                  21
   94    29                33.1
   95   109                 4.8
   95   275                 7.8
   95   244                48.7
   96   212                 8.5
   96   123                10.4
   96    35                21.5
   97   259                 9.2
   97   207                13.9
   98   202                   1
   98     3                   3
   98   281                32.6
   99   142                11.7
   99    75                  15
   99   220                  24
  100   155                13.8
  100   299                28.5
  100    47                50.2
  101   163                 9.6
  101   270                13.4
  101   241                16.7
  101    55                21.5
  102   132                   7
  102    48                 8.6
  102    10                20.6
  103    52                16.4
  103    32                17.2
  104   236                 2.2
  104   267                19.1
  104    73                19.8
  104   106                39.2
  105   131                 9.5
  105    68                24.5
  105   144                32.3
  106    83                12.6
  106   211                18.3
  106   104                39.2
  106   134                44.4
  107   284                 5.4
  107    32                39.6
  108    54                   7
  108   188                 8.7
  108   249                21.5
  109    95                 4.8
  109    63                20.1
  109   136                25.7
  110   295                18.3
  110   200                18.9
  110     9                  37
  111   234                 9.7
  111   273                26.6
  111   290                  36
  112   159                15.6
  112   162                16.3
  112   256                16.8
  112    81                40.1
  113    57                 4.8
  113   233                16.8
  114   234                 4.4
  114   206                25.5
  115    93                 9.1
  115   145                21.1
  115   247                21.3
  116   173                11.6
  116   232                  12
  116   258                15.7
  117   254                 1.7
  117   264                16.1
  117   273                  18
  118   172                10.1
  118   146                22.6
  118    30                27.5
  118    50                30.8
  119    78                17.4
  119   144                21.7
  119   233                34.7
  120   292                 1.6
  120    25                17.3
  120    40                  19
  121   221                12.1
  121    90                18.3
  121   147                30.8
  122    45                10.1
  122   272                10.9
  122   139                18.3
  123    96                10.4
  123   135                11.2
  123   223                11.4
  124   218                  19
  124    42                19.2
  124   182                22.2
  124    65                22.7
  125   289                13.1
  125   298                21.5
  125    20                33.2
  126   274                  14
  126   150                23.3
  126   299                65.8
  127   149                 7.5
  127   286                  15
  127    36                25.3
  127   248                28.8
  128   262                13.9
  128   141                17.2
  129   168                15.1
  129    19                19.3
  130   294                10.4
  130    86                18.5
  130   143                20.8
  131   105                 9.5
  131   204                18.6
  131    73                23.2
  131   231                44.7
  132   102                   7
  132   179                13.9
  132    65                26.4
  133   147                 7.4
  133   229                10.1
  134   230                 3.5
  134   165                   7
  134   193                28.3
  134   106                44.4
  135   123                11.2
  135   164                32.1
  135    71                35.6
  136   280                20.1
  136   109                25.7
  136   297                26.1
  137    77                 1.5
  137   219                  25
  138    58                   9
  138    25                17.3
  139   203                12.2
  139   122                18.3
  139   281                18.6
  140   191                15.5
  140   198                16.5
  140   278                20.5
  141   231                 8.4
  141   280                10.6
  141   269                15.2
  141   128                17.2
  142   238                 5.1
  142    99                11.7
  142   240                18.2
  143   296                11.9
  143   260                20.1
  143   130                20.8
  144   119                21.7
  144   171                22.4
  144   173                22.7
  144   105                32.3
  145   253                12.5
  145   226                12.7
  145   115                21.1
  146   199                 7.1
  146   118                22.6
  146    62                25.8
  146   217                35.3
  147    59                 1.3
  147   133                 7.4
  147    82                11.5
  147   121                30.8
  148   208                10.2
  148   218                26.6
  148   153                31.2
  149   127                 7.5
  149   156                14.9
  149   239                22.1
  150   225                 8.4
  150   268                  13
  150   126                23.3
  151   252                 5.7
  151   241                17.3
  152   190                11.4
  152    77                18.5
  152   187                37.9
  153    70                12.1
  153    60                13.7
  153   148                31.2
  154   293                 4.7
  154   207                  20
  154     1                27.9
  155   100                13.8
  155   209                24.1
  155    88                43.7
  156   149                14.9
  156   251                16.2
  156    91                18.4
  157    45                11.3
  157   283                16.2
  158    89                11.1
  158    25                14.5
  158    39                15.6
  158    66                21.5
  159   250                 9.4
  159   112                15.6
  159   282                31.8
  160   265                 1.5
  160    17                14.4
  160    85                25.9
  161   237                 6.2
  161    59                   8
  162   112                16.3
  162   266                20.9
  162   201                21.7
  162    69                22.2
  163   101                 9.6
  163    93                13.5
  163   175                19.4
  164   228                14.3
  164   283                21.9
  164   135                32.1
  164   170                34.7
  165   237                 5.9
  165   134                   7
  165    37                31.6
  166    47                 7.9
  166   294                21.4
  167   243                 7.2
  167   214                 7.7
  167   178                13.5
  168   129                15.1
  168   186                  16
  168    18                30.1
  169    79                 6.3
  169   202                25.9
  169   206                42.6
  170   195                12.1
  170   164                34.7
  170   196                45.1
  171   267                 5.5
  171   144                22.4
  171    73                24.2
  172   118                10.1
  172   258                19.2
  172    62                25.5
  172     8                  30
  173   116                11.6
  173    78                12.6
  173    76                18.7
  173   144                22.7
  174   209                 9.5
  174   205                27.4
  174   245                33.4
  175   241                10.3
  175   163                19.4
  175   247                25.5
  176   192                10.3
  176    72                25.5
  176   235                34.6
  177   291                26.9
  177    53                27.1
  178   167                13.5
  178   246                23.3
  178    54                24.3
  178     2                30.2
  179   132                13.9
  179   260                25.9
  179    28                34.4
  180    33                 3.3
  180     0                12.1
  181   193                 0.7
  181   185                 7.6
  181    74                38.9
  182   277                15.2
  182   124                22.2
  182    11                25.3
  183    83                13.4
  183    74                14.3
  183    41                25.8
  184    81                14.2
  184    80                14.6
  185    37                 6.7
  185   181                 7.6
  185   219                10.6
  186   168                  16
  186   254                18.4
  186   192                  23
  186    19                25.9
  187   229                15.3
  187    37                15.8
  187    82                24.3
  187   152                37.9
  188   108                 8.7
  188   197                18.5
  188   271                21.2
  189    33                 7.3
  189    29                21.5
  189   280                31.8
  189   236                34.7
  190   152                11.4
  190     4                30.8
  191    92                 7.4
  191   140                15.5
  191   249                15.8
  192   176                10.3
  192   273                21.7
  192   186                  23
  193   181                 0.7
  193    41                12.9
  193   134                28.3
  194    24                11.2
  194    61                14.8
  194   283                28.2
  195    84                   6
  195   213                 7.5
  195   170                12.1
  196   295                12.5
  196   221                14.6
  196   170                45.1
  197   188                18.5
  197   224                20.5
  198   140                16.5
  199   146                 7.1
  199    74                19.5
  200    23                 7.9
  200    84                14.1
  200   110                18.9
  201   262                13.1
  201    10                  14
  201   162                21.7
  201    14                22.2
  201   269                34.3
  202    98                   1
  202   169                25.9
  202   287                30.4
  203   139                12.2
  203    44                12.4
  203    26                13.6
  204    28                10.6
  204   131                18.6
  204    10                20.7
  205   208                   6
  205   174                27.4
  205    60                40.2
  205   260                59.9
  206   287                  21
  206   114                25.5
  206   169                42.6
  207    97                13.9
  207   154                  20
  207   209                20.5
  208   205                   6
  208   148                10.2
  208    65                44.8
  209   174                 9.5
  209   207                20.5
  209   155                24.1
  210    52                 1.2
  210    17                49.1
  211   258                15.2
  211   106                18.3
  211   267                30.9
  212    96                 8.5
  212   228                36.9
  213    26                 5.7
  213   195                 7.5
  213    45                17.8
  214   167                 7.7
  214    34                29.3
  215     0                 4.3
  215   231                 9.8
  216   240                14.9
  216    49                21.9
  216    20                25.6
  217    50                 8.9
  217   146                35.3
  218   124                  19
  218   148                26.6
  218   277                27.9
  219   185                10.6
  219   137                  25
  219   261                37.9
  220    11                22.5
  220    99                  24
  220   277                28.1
  221   121                12.1
  221   196                14.6
  221    46                28.7
  221   228                  43
  222     1                 5.5
  222    64                14.5
  222    32                14.9
  222    52                19.8
  223   123                11.4
  223   257                30.9
  223     4                31.8
  224    92                  11
  224   197                20.5
  225   150                 8.4
  225   247                19.5
  226   233                 8.4
  226   145                12.7
  226    93                17.2
  226   270                26.8
  227    27                25.1
  227    75                  31
  227    36               105.2
  228   164                14.3
  228   212                36.9
  228   221                  43
  229   133                10.1
  229   187                15.3
  229    35                68.1
  230   134                 3.5
  230    94                17.9
  231   141                 8.4
  231   215                 9.8
  231   262                17.7
  231   131                44.7
  232    76                10.2
  232   116                  12
  233   226                 8.4
  233   113                16.8
  233   119                34.7
  234   114                 4.4
  234   111                 9.7
  234    72                38.7
  235    80                21.8
  235     9                26.8
  235   176                34.6
  235    18                46.3
  236   104                 2.2
  236    94                  21
  236   189                34.7
  237   165                 5.9
  237   161                 6.2
  237    82                 6.6
  238   142                 5.1
  238    53                 7.7
  239   149                22.1
  239    58                24.9
  239    21                  45
  240   216                14.9
  240   142                18.2
  240   291                39.1
  241   175                10.3
  241   101                16.7
  241   151                17.3
  242     5                   9
  242   251                12.5
  242    91                22.1
  243   167                 7.2
  243    55                15.8
  243   270                21.7
  243    78                37.6
  244    46                 5.1
  244   295                16.3
  244    95                48.7
  245   288                11.1
  245    60                19.9
  245   174                33.4
  246    34                   7
  246   276                 9.4
  246   178                23.3
  246     8                27.6
  247   268                16.8
  247   225                19.5
  247   115                21.3
  247   175                25.5
  248   291                13.7
  248   127                28.8
  249   191                15.8
  249   108                21.5
  249     7                36.8
  250   159                 9.4
  250    31                16.7
  251    58                10.2
  251   242                12.5
  251   156                16.2
  252   151                 5.7
  252    55                 8.2
  252     2                14.7
  253    86                10.7
  253   145                12.5
  253    57                14.4
  254   117                 1.7
  254   186                18.4
  254   292                27.1
  255    16                 8.2
  255    66                10.2
  255    89                19.2
  256    51                 5.8
  256   112                16.8
  256    11                42.2
  257    71                 6.2
  257   223                30.9
  258   211                15.2
  258   116                15.7
  258   172                19.2
  259    97                 9.2
  259     1                13.5
  259    64                16.5
  260   143                20.1
  260    88                24.4
  260   179                25.9
  260   205                59.9
  261    74                23.2
  261   219                37.9
  262   201                13.1
  262   128                13.9
  262   231                17.7
  263    16                 4.8
  263    21                38.5
  264    40                12.3
  264   117                16.1
  265   160                 1.5
  265    87                10.3
  266    63                  17
  266   162                20.9
  267   171                 5.5
  267   104                19.1
  267   211                30.9
  268   150                  13
  268   247                16.8
  268   274                  28
  268    86                36.4
  269   141                15.2
  269    63                20.2
  269   201                34.3
  270   101                13.4
  270   243                21.7
  270   226                26.8
  271   188                21.2
  271     2                22.4
  272   122                10.9
  272    12                26.6
  273   117                  18
  273   192                21.7
  273   111                26.6
  274    47                10.1
  274   126                  14
  274   268                  28
  275    80                 3.2
  275    95                 7.8
  276   246                 9.4
  276     7                  16
  277   182                15.2
  277   218                27.9
  277   220                28.1
  277    15                28.2
  278   140                20.5
  278   279                  30
  279    50                21.5
  279   278                  30
  280   141                10.6
  280   136                20.1
  280   189                31.8
  281   139                18.6
  281   287                  20
  281    98                32.6
  282    81                   8
  282    18                26.4
  282   159                31.8
  283   157                16.2
  283   164                21.9
  283   194                28.2
  284   107                 5.4
  284   293                13.3
  285     8                 5.9
  285    30                 6.2
  285     7                10.4
  286    67                10.1
  286   127                  15
  286    91                24.7
  287   281                  20
  287   206                  21
  287   202                30.4
  288   245                11.1
  288    64                19.8
  288    87                28.5
  289   125                13.1
  289    49                13.4
  290    39                28.3
  290   111                  36
  291   248                13.7
  291    67                18.5
  291   177                26.9
  291   240                39.1
  292   120                 1.6
  292     5                15.1
  292   254                27.1
  293   154                 4.7
  293   284                13.3
  293   299                27.4
  294    88                   6
  294   130                10.4
  294   166                21.4
  295   196                12.5
  295   244                16.3
  295   110                18.3
  296    57                 8.2
  296   143                11.9
  296    68                35.3
  297    90                15.7
  297    46                16.1
  297    29                20.8
  297   136                26.1
  298    91                13.8
  298    19                20.9
  298   125                21.5
  299   293                27.4
  299   100                28.5
  299   126                65.8
