872
    0   294                10.4
    0   160                10.6
    1   234                10.1
    1   255                  23
    1   100                32.3
    2    66                 3.4
    2   234                10.6
    3   222                14.5
    3   110                15.8
    3     6                26.5
    4   116                10.4
    4   228                23.5
    4   106                39.9
    5   201                 6.6
    5   199                21.1
    6   167                15.2
    6    22                24.7
    6     3                26.5
    7    94                18.8
    7   296                19.4
    7   274                23.6
    7   230                27.2
    8   217                 7.3
    8   174                21.4
    8   171                36.4
    9   186                 9.2
    9    94                10.4
   10    71                14.1
   10    85                23.2
   10    98                27.1
   10   119                29.1
   11   202                12.9
   11    73                17.2
   12   195                15.7
   12   296                29.4
   12   186                37.6
   13   187                19.9
   13   126                20.4
   13   269                22.7
   13   133                22.8
   14   267                16.5
   14    27                22.6
   14    39                29.7
   15   209                  14
   15   122                15.7
   15    45                21.6
   16   161                 8.4
   16   196                29.8
   17    99                 7.5
   17   247                25.4
   17    34                  29
   18   214                 2.8
   18   149                10.5
   18   138                13.4
   19   112                 8.9
   19   115                22.5
   20   226                 8.5
   20    50                10.3
   20   220                22.1
   21   109                 8.7
   21   106                11.2
   21   282                24.8
   22   126                13.6
   22     6                24.7
   22   211                36.3
   23   132                   3
   23   251                 5.1
   23    50                21.5
   24   135                 7.8
   24   211                14.9
   25    65                 9.8
   25    59                16.7
   25   224                19.2
   26   233                 7.1
   26   242                  13
   27   215                   2
   27   225                13.7
   27    14                22.6
   28   141                 6.6
   28   153                 7.8
   28    91                11.7
   29    90                19.9
   29    86                  22
   29   148                35.9
   30   287                 8.8
   30    59                17.1
   30   216                20.3
   30   190                29.9
   31   142                  10
   31   149                18.1
   31   261                33.4
   31    60                38.6
   32   290                 9.5
   32    98                18.5
   32   232                21.7
   33   261                 6.1
   33   286                16.4
   34   253                16.8
   34   121                25.3
   34   123                27.2
   34    17                  29
   35   121                 4.9
   35   295                 6.8
   36    88                11.2
   36    55                12.6
   36    52                17.5
   37   293                 6.5
   37   291                17.4
   37   246                27.3
   38   256                25.5
   38   104                  27
   39   157                 7.7
   39   268                28.5
   39    14                29.7
   40   164                19.2
   40    51                24.9
   40    93                40.1
   41   218                 7.1
   41   186                16.1
   41   245                43.1
   41   161                55.9
   42   247                 2.3
   42   206                28.5
   42   229                47.5
   43   209                 8.3
   43   266                  16
   44   173                  15
   44   238                23.8
   44   217                25.2
   45   114                10.3
   45    15                21.6
   45   164                26.9
   46    74                 2.7
   46   108                 4.7
   46    76                18.8
   47   193                 7.9
   47   270                31.2
   48   165                 7.5
   48    62                  10
   49    62                30.2
   49    92                30.2
   49   225                36.7
   50    20                10.3
   50    52                  17
   50    23                21.5
   51   239                 3.2
   51   221                12.4
   51    40                24.9
   52    50                  17
   52    36                17.5
   52   292                21.6
   52   251                22.8
   53   270                11.5
   53   100                20.2
   53   254                  21
   53   209                36.2
   54   106                 8.9
   54    78                10.7
   54   151                14.6
   55    36                12.6
   55   134                19.1
   55   292                29.7
   56    83                17.2
   56   157                21.4
   56    76                29.2
   56   274                44.8
   57   157                10.5
   57   267                30.3
   57    80                30.9
   58   181                11.3
   58   155                13.5
   58   213                27.5
   59    25                16.7
   59   210                  17
   59    30                17.1
   59   113                41.4
   60   269                 9.2
   60   265                11.4
   60    31                38.6
   61   277                 3.8
   61    82                   6
   61   231                  14
   62   169                 8.1
   62    48                  10
   62    49                30.2
   63   136                19.5
   63   147                20.3
   63   259                30.1
   64   232                17.7
   64   271                20.2
   64   155                25.2
   64   162                35.9
   65    25                 9.8
   65   233                32.2
   66     2                 3.4
   66   284                  18
   66   166                18.3
   67    96                 9.3
   67   216                 9.9
   68   261                24.6
   68    91                32.3
   68   178                36.9
   68   187                44.4
   69   212                   7
   69   235                11.3
   69   234                19.7
   70   139                19.7
   70   205                26.6
   71    10                14.1
   71   159                17.1
   72   185                 2.9
   72   139                34.9
   73   102                15.9
   73    11                17.2
   74    46                 2.7
   74   208                11.4
   75   172                 5.9
   75   253                 6.7
   75   160                 9.7
   76    46                18.8
   76   268                21.7
   76    56                29.2
   76   145                30.6
   77   293                15.9
   77   259                16.6
   78    82                 8.2
   78    54                10.7
   78   105                14.3
   79   101                 4.3
   79    98                  12
   79    85                  31
   80   179                22.7
   80    57                30.9
   80    85                32.2
   80   191                43.6
   81   195                 5.8
   81   144                71.3
   82    61                   6
   82    78                 8.2
   82   174                14.8
   83    56                17.2
   83   179                19.9
   83   186                47.7
   84   178                 5.7
   84   185                20.8
   85    10                23.2
   85   267                28.5
   85    79                  31
   85    80                32.2
   86    29                  22
   86   126                22.3
   86   256                23.7
   86   187                28.3
   87   130                 7.5
   87   208                15.5
   87   230                17.8
   88    36                11.2
   88   134                11.4
   88   226                  13
   89   299                11.4
   89   161                16.1
   89   286                28.4
   89    91                46.1
   90   227                 7.4
   90    29                19.9
   90   256                24.1
   90   176                26.1
   91    28                11.7
   91   196                15.4
   91    68                32.3
   91    89                46.1
   92   117                10.7
   92   285                21.9
   92    49                30.2
   93   103                  18
   93   259                18.6
   93   115                39.9
   93    40                40.1
   94     9                10.4
   94     7                18.8
   95   131                 8.9
   95   255                 9.1
   95   170                  46
   96   151                 8.5
   96    67                 9.3
   96   282                19.6
   96   128                28.5
   97   240                 4.2
   97   297                14.9
   98    79                  12
   98    32                18.5
   98    10                27.1
   99   140                 6.1
   99    17                 7.5
   99   206                 9.6
  100   170                 9.4
  100    53                20.2
  100   284                20.8
  100     1                32.3
  101    79                 4.3
  101   243                13.5
  101   168                18.6
  102   107                13.8
  102    73                15.9
  102   199                17.8
  103    93                  18
  103   125                21.3
  103   105                71.7
  104   227                14.6
  104    38                  27
  105   112                 6.5
  105    78                14.3
  105   103                71.7
  106    54                 8.9
  106    21                11.2
  106     4                39.9
  107   102                13.8
  107   130                  14
  107   230                15.2
  107   237                30.3
  108    46                 4.7
  109    21                 8.7
  109   137                16.6
  110   258                 3.5
  110     3                15.8
  111   158                 7.3
  111   226                16.2
  111   220                17.9
  112   105                 6.5
  112    19                 8.9
  112   217                  16
  113   162                14.3
  113   158                23.4
  113    59                41.4
  114   266                 6.8
  114    45                10.3
  114   147                36.1
  115   263                 9.8
  115    19                22.5
  115    93                39.9
  116     4                10.4
  116   137                16.1
  117   184                 1.3
  117    92                10.7
  117   288                22.7
  118   293                 5.8
  118   197                 7.3
  118   183                12.8
  119   232                17.1
  119   181                17.4
  119    10                29.1
  120   266                19.4
  120   279                53.7
  121    35                 4.9
  121   214                21.8
  121    34                25.3
  122   254                 4.9
  122    15                15.7
  123   294                16.9
  123   257                17.8
  123   238                  27
  123    34                27.2
  124   225                13.7
  124   194                16.1
  125   183                19.8
  125   103                21.3
  125   228                  31
  126    22                13.6
  126    13                20.4
  126    86                22.3
  126   198                26.4
  127   130                 8.2
  127   199                  26
  127   145                29.9
  128   231                 3.1
  128   190                12.8
  128    96                28.5
  129   281                 6.7
  129   284                21.2
  129   250                87.8
  130    87                 7.5
  130   127                 8.2
  130   107                  14
  131    95                 8.9
  131   150                11.7
  131   142                17.4
  132    23                   3
  132   249                21.6
  133   236                10.2
  133   212                22.8
  133    13                22.8
  134    88                11.4
  134   192                17.3
  134    55                19.1
  135    24                 7.8
  135   298                 8.7
  135   146                15.8
  136   279                13.3
  136   291                16.3
  136    63                19.5
  137   272                10.5
  137   116                16.1
  137   109                16.6
  138    18                13.4
  138   295                14.3
  139    70                19.7
  139   195                34.3
  139    72                34.9
  140    99                 6.1
  140   295                12.8
  141   252                 5.6
  141    28                 6.6
  141   196                11.6
  142    31                  10
  142   264                15.7
  142   131                17.4
  142   214                19.7
  143   292                17.5
  143   154                69.2
  144   237                  11
  144   230                28.8
  144    81                71.3
  145   201                   8
  145   127                29.9
  145    76                30.6
  146   135                15.8
  146   166                25.5
  147    63                20.3
  147   164                27.1
  147   114                36.1
  148   178                 1.6
  148   152                26.2
  148    29                35.9
  149    18                10.5
  149    31                18.1
  149   283                28.7
  149   223                30.1
  150   131                11.7
  150   214                23.6
  150   182                25.1
  151    96                 8.5
  151   277                12.9
  151    54                14.6
  152   176                12.8
  152   205                15.1
  152   148                26.2
  153   252                 3.9
  153   185                 7.4
  153    28                 7.8
  154   192                 2.1
  154   189                10.8
  154   143                69.2
  155   229                  12
  155    58                13.5
  155    64                25.2
  156   264                 8.1
  156   265                 8.8
  157    39                 7.7
  157    57                10.5
  157    56                21.4
  158   111                 7.3
  158   241                13.5
  158   224                22.5
  158   113                23.4
  159   181                10.3
  159   273                  11
  159    71                17.1
  160   188                 2.8
  160    75                 9.7
  160     0                10.6
  161   278                 7.8
  161    16                 8.4
  161    89                16.1
  161    41                55.9
  162   113                14.3
  162   287                26.2
  162   290                31.1
  162    64                35.9
  163   202                 7.6
  164    40                19.2
  164    45                26.9
  164   147                27.1
  164   203                32.2
  165    48                 7.5
  165   215                12.8
  165   267                21.6
  166    66                18.3
  166   235                22.8
  166   146                25.5
  167   198                 5.1
  167     6                15.2
  167   258                39.4
  168   101                18.6
  168   184                21.8
  168   290                22.3
  169    62                 8.1
  169   243                11.7
  170   100                 9.4
  170   254                29.1
  170   188                  32
  170    95                  46
  171   247                 3.9
  171   238                22.4
  171     8                36.4
  172    75                 5.9
  172   294                15.3
  173   221                 7.5
  173    44                  15
  173   263                16.4
  174   231                 5.8
  174    82                14.8
  174     8                21.4
  174   229                35.5
  175   289                22.6
  175   218                29.4
  176   260                10.4
  176   152                12.8
  176    90                26.1
  177   299                  10
  177   223                24.5
  177   283                24.5
  178   148                 1.6
  178    84                 5.7
  178    68                36.9
  179   204                17.8
  179    83                19.9
  179    80                22.7
  179   218                42.5
  180   272                 5.3
  180   282                31.1
  181   159                10.3
  181    58                11.3
  181   119                17.4
  182   253                 6.4
  182   150                25.1
  183   118                12.8
  183   125                19.8
  184   117                 1.3
  184   168                21.8
  185    72                 2.9
  185   153                 7.4
  185    84                20.8
  186     9                 9.2
  186    41                16.1
  186    12                37.6
  186    83                47.7
  187   280                  18
  187    13                19.9
  187    86                28.3
  187    68                44.4
  188   160                 2.8
  188   170                  32
  189   154                10.8
  189   224                13.3
  189   219                25.6
  190   128                12.8
  190   271                13.4
  190    30                29.9
  191   273                13.8
  191   207                17.5
  191    80                43.6
  192   154                 2.1
  192   134                17.3
  193   209                 4.3
  193    47                 7.9
  194   124                16.1
  194   268                43.8
  195    81                 5.8
  195    12                15.7
  195   139                34.3
  196   141                11.6
  196    91                15.4
  196    16                29.8
  197   118                 7.3
  198   167                 5.1
  198   126                26.4
  198   256                31.9
  199   102                17.8
  199     5                21.1
  199   127                  26
  200   246                12.1
  200   279                19.8
  200   291                  23
  201     5                 6.6
  201   145                   8
  202   163                 7.6
  202   237                11.1
  202    11                12.9
  203   294                 8.4
  203   239                26.6
  203   164                32.2
  204   179                17.8
  204   240                21.4
  205   152                15.1
  205    70                26.6
  206    99                 9.6
  206    42                28.5
  206   213                30.2
  207   191                17.5
  207   244                17.8
  207   297                20.3
  208    74                11.4
  208   274                12.5
  208    87                15.5
  209   193                 4.3
  209    43                 8.3
  209    15                  14
  209    53                36.2
  210    59                  17
  210   216                17.4
  210   262                  23
  211    24                14.9
  211   250                  24
  211   236                26.8
  211    22                36.3
  212    69                   7
  212   265                12.3
  212   269                15.3
  212   133                22.8
  213   244                12.2
  213    58                27.5
  213   206                30.2
  214    18                 2.8
  214   142                19.7
  214   121                21.8
  214   150                23.6
  215    27                   2
  215   165                12.8
  216    67                 9.9
  216   210                17.4
  216    30                20.3
  217     8                 7.3
  217   112                  16
  217    44                25.2
  218    41                 7.1
  218   175                29.4
  218   179                42.5
  219   189                25.6
  220   288                13.5
  220   111                17.9
  220    20                22.1
  220   290                48.8
  221   257                 4.6
  221   173                 7.5
  221    51                12.4
  222     3                14.5
  222   250                  41
  223   295                23.2
  223   177                24.5
  223   149                30.1
  223   244                41.9
  224   189                13.3
  224    25                19.2
  224   158                22.5
  225   124                13.7
  225    27                13.7
  225    49                36.7
  226   241                 8.4
  226    20                 8.5
  226    88                  13
  226   111                16.2
  227    90                 7.4
  227   104                14.6
  227   260                24.9
  228     4                23.5
  228   125                  31
  229   155                  12
  229   271                16.3
  229   174                35.5
  229    42                47.5
  230   107                15.2
  230    87                17.8
  230     7                27.2
  230   144                28.8
  231   128                 3.1
  231   174                 5.8
  231    61                  14
  232   119                17.1
  232    64                17.7
  232    32                21.7
  233    26                 7.1
  233    65                32.2
  234     1                10.1
  234     2                10.6
  234    69                19.7
  235   276                10.1
  235    69                11.3
  235   166                22.8
  236   276                 7.2
  236   133                10.2
  236   211                26.8
  237   144                  11
  237   202                11.1
  237   107                30.3
  238   171                22.4
  238    44                23.8
  238   123                  27
  239    51                 3.2
  239   257                10.9
  239   203                26.6
  240    97                 4.2
  240   289                12.7
  240   204                21.4
  241   226                 8.4
  241   158                13.5
  242   262                   4
  242    26                  13
  243   169                11.7
  243   101                13.5
  244   213                12.2
  244   207                17.8
  244   273                24.3
  244   223                41.9
  245   252                13.4
  245    41                43.1
  246   275                 7.7
  246   200                12.1
  246    37                27.3
  247    42                 2.3
  247   171                 3.9
  247    17                25.4
  248   261                20.1
  248   280                  23
  249   288                16.4
  249   285                18.1
  249   132                21.6
  250   211                  24
  250   222                  41
  250   129                87.8
  251    23                 5.1
  251    52                22.8
  252   153                 3.9
  252   141                 5.6
  252   245                13.4
  253   182                 6.4
  253    75                 6.7
  253    34                16.8
  254   122                 4.9
  254    53                  21
  254   170                29.1
  255   264                 7.2
  255    95                 9.1
  255     1                  23
  256    86                23.7
  256    90                24.1
  256    38                25.5
  256   198                31.9
  257   221                 4.6
  257   239                10.9
  257   123                17.8
  258   110                 3.5
  258   167                39.4
  259    77                16.6
  259    93                18.6
  259    63                30.1
  260   176                10.4
  260   227                24.9
  261    33                 6.1
  261   248                20.1
  261    68                24.6
  261    31                33.4
  262   242                   4
  262   282                20.6
  262   210                  23
  263   115                 9.8
  263   173                16.4
  264   255                 7.2
  264   156                 8.1
  264   142                15.7
  265   156                 8.8
  265    60                11.4
  265   212                12.3
  266   114                 6.8
  266    43                  16
  266   120                19.4
  267    14                16.5
  267   165                21.6
  267    85                28.5
  267    57                30.3
  268    76                21.7
  268    39                28.5
  268   194                43.8
  269   280                 6.6
  269    60                 9.2
  269   212                15.3
  269    13                22.7
  270   281                 8.2
  270    53                11.5
  270    47                31.2
  271   190                13.4
  271   229                16.3
  271    64                20.2
  271   287                33.1
  272   180                 5.3
  272   137                10.5
  273   159                  11
  273   191                13.8
  273   244                24.3
  274   208                12.5
  274     7                23.6
  274    56                44.8
  275   246                 7.7
  276   236                 7.2
  276   235                10.1
  276   298                10.6
  277    61                 3.8
  277   151                12.9
  278   161                 7.8
  278   289                10.6
  279   136                13.3
  279   200                19.8
  279   120                53.7
  280   269                 6.6
  280   187                  18
  280   248                  23
  281   129                 6.7
  281   270                 8.2
  282    96                19.6
  282   262                20.6
  282    21                24.8
  282   180                31.1
  283   286                 8.2
  283   177                24.5
  283   149                28.7
  284    66                  18
  284   100                20.8
  284   129                21.2
  285   249                18.1
  285    92                21.9
  286   283                 8.2
  286    33                16.4
  286    89                28.4
  287    30                 8.8
  287   162                26.2
  287   271                33.1
  288   220                13.5
  288   249                16.4
  288   117                22.7
  289   278                10.6
  289   240                12.7
  289   175                22.6
  290    32                 9.5
  290   168                22.3
  290   162                31.1
  290   220                48.8
  291   136                16.3
  291    37                17.4
  291   200                  23
  292   143                17.5
  292    52                21.6
  292    55                29.7
  293   118                 5.8
  293    37                 6.5
  293    77                15.9
  294   203                 8.4
  294     0                10.4
  294   172                15.3
  294   123                16.9
  295    35                 6.8
  295   140                12.8
  295   138                14.3
  295   223                23.2
  296     7                19.4
  296    12                29.4
  297    97                14.9
  297   299                20.1
  297   207                20.3
  298   135                 8.7
  298   276                10.6
  299   177                  10
  299    89                11.4
  299   297                20.1
