874
    0    56                 9.2
    0   116                12.7
    0   235                15.4
    1   222                 5.9
    1   147                29.2
    1   213                38.8
    2    90                10.7
    2   138                16.8
    2   140                55.3
    3    15                24.1
    3    98                34.7
    3   291                  51
    4   183                14.9
    4    16                17.8
    4   139                20.3
    4   257                28.5
    5   259                 4.8
    5   209                  11
    6   277                 3.9
    6   179                20.7
    6   275                24.8
    7   270                10.1
    7   108                11.6
    8   162                13.5
    8   266                15.6
    9    92                12.3
    9    10                12.6
   10   248                 4.2
   10     9                12.6
   10    71                46.6
   11   259                11.6
   11   125                19.1
   11   298                42.2
   12   283                 7.8
   12   258                10.2
   12   170                27.3
   13    33                10.8
   13    65                11.2
   13    93                17.4
   14   267                10.6
   14    34                15.4
   14    86                33.7
   15   170                  11
   15     3                24.1
   15   180                25.7
   15   258                29.6
   16    70                14.9
   16     4                17.8
   16    49                20.1
   16   142                24.6
   17   292                 8.4
   17    80                 9.7
   18   172                 7.9
   18    21                12.8
   18   100                26.6
   19   170                 3.7
   19   149                27.1
   20    37                13.3
   20   102                14.9
   20   217                23.3
   21    81                   7
   21    18                12.8
   22   265                13.5
   22    36                14.8
   23   299                12.4
   23   208                20.2
   24    78                 7.4
   24    76                15.3
   24   234                41.6
   25    39                15.5
   25   102                18.2
   25    89                25.3
   26    87                24.4
   26   294                24.7
   26    42                28.7
   26   158                35.5
   27   180                 7.6
   27   256                  11
   27   238                37.3
   28    59                10.2
   28   244                18.4
   29   182                11.8
   29   129                20.2
   29   115                20.5
   29   239                33.7
   30   240                 2.9
   30   116                   9
   31   213                14.8
   31   147                25.3
   31   197                29.6
   32   167                23.3
   32   296                23.9
   32   128                31.8
   33    13                10.8
   33   243                24.1
   34    41                   7
   34   199                 8.9
   34    14                15.4
   35   185                  12
   35    79                12.4
   35   200                  15
   35    63                  19
   36    22                14.8
   36   152                17.1
   36    83                19.1
   36   252                30.6
   37   252                 3.4
   37    20                13.3
   37   101                17.7
   38   100                21.8
   38   235                  27
   39    25                15.5
   39   161                  18
   39   145                53.9
   40   228                  12
   40   182                17.7
   40   110                30.7
   41   118                 4.9
   41    34                   7
   41    95                22.7
   42   203                 8.9
   42   134                14.7
   42    26                28.7
   43    82                 6.5
   43   257                12.4
   43   183                39.7
   43   154                42.8
   44   222                 9.4
   44    73                  11
   44   113                16.6
   44   141                37.9
   45   214                11.4
   45   246                14.8
   45   179                14.9
   45   125                48.6
   46   164                27.8
   46   146                32.5
   46    96                  40
   46   270                41.5
   47   132                18.4
   47    51                29.7
   47   106                34.1
   48   191                11.8
   48   240                13.1
   48   172                22.3
   49   157                 7.4
   49    16                20.1
   50   193                14.9
   50   121                16.7
   50   106                  19
   51   109                12.5
   51   211                13.5
   51    47                29.7
   52   288                 5.5
   52    83                24.4
   53   200                12.8
   53   286                24.2
   53   242                25.8
   54    71                13.2
   54   253                17.6
   54    94                21.3
   55   164                   5
   55   261                17.9
   56   271                 7.8
   56     0                 9.2
   56   208                19.4
   56   144                31.5
   57   254                 2.9
   57   145                22.1
   57   210                27.3
   58    60                  13
   58    64                26.8
   59    72                 8.3
   59    28                10.2
   59   160                19.8
   60    74                 5.6
   60    58                  13
   60   188                31.8
   61   211                 6.8
   61    66                 7.2
   61   183                 8.3
   62   154                 8.2
   62   299                21.1
   62   221                  30
   63   112                10.5
   63    35                  19
   63   242                32.9
   64   229                  10
   64   128                  13
   64    58                26.8
   65    13                11.2
   65   174                15.5
   66   142                 1.6
   66    61                 7.2
   66   109                 8.5
   67   130                10.4
   67   220                21.4
   67   124                22.5
   67   233                35.5
   68   266                 2.9
   68   187                15.6
   68   163                28.4
   69   255                10.9
   69   169                13.2
   69   239                19.4
   70    16                14.9
   70   143                15.4
   70   139                15.7
   71    54                13.2
   71   164                19.5
   71   293                45.6
   71    10                46.6
   72    59                 8.3
   72   194                15.9
   72   192                23.5
   73    44                  11
   73   237                35.4
   74    60                 5.6
   74    81                13.2
   75   269                 5.5
   75    77                14.3
   76   104                 7.3
   76    24                15.3
   76   260                20.2
   77    75                14.3
   77   234                14.4
   77   153                  45
   78    24                 7.4
   78   168                11.6
   78   153                34.3
   78   238                39.8
   79   156                10.6
   79    35                12.4
   80    17                 9.7
   80   137                11.6
   80   282                15.8
   81    21                   7
   81    74                13.2
   81   105                41.7
   82    43                 6.5
   82   144                13.2
   82   221                13.9
   83    36                19.1
   83   222                21.4
   83    52                24.4
   84   137                16.7
   84   155                22.2
   84   103                25.4
   85   121                18.4
   85   193                22.7
   85   197                26.7
   85   186                31.5
   86    87                 6.9
   86   280                 9.6
   86    14                33.7
   87    86                 6.9
   87   296                21.7
   87    26                24.4
   87   117                43.1
   88   298                11.7
   88   112                20.2
   88   131                28.5
   89   217                13.5
   89   249                  25
   89    25                25.3
   90     2                10.7
   91   149                11.2
   91   251                33.7
   92     9                12.3
   92   293                46.9
   93   174                17.2
   93    13                17.4
   93   272                31.9
   93   238                44.5
   94   286                14.8
   94    54                21.3
   94   242                31.5
   95   275                13.6
   95   237                19.2
   95    41                22.7
   96   150                 7.8
   96    46                  40
   96   125                  60
   97   228                 9.6
   97   291                  69
   98   180                12.6
   98   174                13.2
   98     3                34.7
   99   223                12.7
   99   249                18.4
   99   273                24.2
   99   285                24.3
  100    38                21.8
  100   116                26.6
  100    18                26.6
  101   273                12.1
  101    37                17.7
  101   206                  34
  102    20                14.9
  102   152                15.3
  102    25                18.2
  103    84                25.4
  103   201                26.4
  103   282                30.6
  104   254                 7.1
  104    76                 7.3
  105   191                 8.2
  105   197                17.1
  105    81                41.7
  106   285                10.2
  106    50                  19
  106    47                34.1
  107   136                11.7
  107   126                12.7
  107   195                17.3
  107   163                49.1
  108     7                11.6
  108   136                48.6
  109    66                 8.5
  109    51                12.5
  109   287                16.4
  110   178                   5
  110    40                30.7
  111   272                 5.2
  111   157                  13
  111   165                15.8
  112    63                10.5
  112   185                15.1
  112    88                20.2
  112   289                  26
  113   297                 8.5
  113    44                16.6
  113   176                  17
  113   188                42.6
  114   156                18.4
  114   204                27.3
  115   255                15.5
  115   283                19.9
  115    29                20.5
  116    30                   9
  116   271                11.9
  116     0                12.7
  116   100                26.6
  117   267                 4.3
  117   158                21.1
  117    87                43.1
  118    41                 4.9
  118   241                19.2
  118   267                20.1
  119   135                 9.1
  119   247                14.2
  120   178                 8.5
  120   171                  21
  121   206                  13
  121    50                16.7
  121    85                18.4
  121   122                31.2
  122   273                 9.7
  122   285                21.4
  122   121                31.2
  123   187                15.4
  123   276                29.5
  123   270                29.7
  124   195                18.2
  124    67                22.5
  124   225                34.6
  125    11                19.1
  125   290                19.7
  125    45                48.6
  125    96                  60
  126   276                 5.9
  126   107                12.7
  126   187                31.3
  127   234                16.4
  127   215                34.2
  127   218                36.9
  128    64                  13
  128   188                31.5
  128    32                31.8
  129    29                20.2
  129   149                23.6
  129   283                23.8
  130    67                10.4
  131   209                  21
  131    88                28.5
  131   281                28.7
  131   289                31.6
  132   148                 9.9
  132    47                18.4
  132   284                31.4
  133   221                 3.8
  133   208                16.1
  134    42                14.7
  134   160                16.5
  134   194                19.9
  135   119                 9.1
  135   211                10.9
  135   144                29.2
  136   107                11.7
  136   108                48.6
  137    80                11.6
  137   181                11.8
  137    84                16.7
  138   278                15.5
  138     2                16.8
  138   154                18.2
  139   140                14.2
  139    70                15.7
  139     4                20.3
  140   139                14.2
  140     2                55.3
  141   147                 7.7
  141   188                11.1
  141    44                37.9
  142    66                 1.6
  142    16                24.6
  143   295                  15
  143    70                15.4
  144    82                13.2
  144   135                29.2
  144    56                31.5
  145   234                 7.6
  145    57                22.1
  145    39                53.9
  146   298                15.8
  146   290                18.5
  146   242                27.4
  146    46                32.5
  147   141                 7.7
  147    31                25.3
  147     1                29.2
  148   165                 3.4
  148   132                 9.9
  149    91                11.2
  149   291                13.6
  149   129                23.6
  149    19                27.1
  150   266                 4.6
  150    96                 7.8
  151   245                14.3
  151   158                17.6
  151   220                34.3
  152   224                 7.5
  152   102                15.3
  152    36                17.1
  153   175                19.3
  153   169                21.6
  153    78                34.3
  153    77                  45
  154    62                 8.2
  154   138                18.2
  154    43                42.8
  155   219                15.2
  155    84                22.2
  155   230                39.8
  156    79                10.6
  156   114                18.4
  157    49                 7.4
  157   111                  13
  157   202                13.2
  157   287                18.2
  158   151                17.6
  158   117                21.1
  158    26                35.5
  159   286                17.5
  159   293                21.3
  160   294                 7.7
  160   134                16.5
  160    59                19.8
  161   215                13.7
  161    39                  18
  161   184                18.8
  162   177                 4.6
  162     8                13.5
  162   163                21.5
  162   275                39.6
  163   225                14.7
  163   162                21.5
  163    68                28.4
  163   107                49.1
  164    55                   5
  164   253                 8.1
  164    71                19.5
  164    46                27.8
  165   148                 3.4
  165   111                15.8
  166   265                 9.9
  166   224                14.1
  166   277                20.7
  167   297                13.9
  167    32                23.3
  168   189                 9.1
  168    78                11.6
  168   226                30.3
  169    69                13.2
  169   153                21.6
  169   292                22.2
  169   181                31.6
  170    19                 3.7
  170    15                  11
  170    12                27.3
  171   239                13.5
  171   181                14.2
  171   196                18.7
  171   120                  21
  172    18                 7.9
  172    48                22.3
  173   209                 0.7
  174    98                13.2
  174    65                15.5
  174    93                17.2
  175   226                10.5
  175   255                11.9
  175   153                19.3
  176   280                 6.7
  176   113                  17
  176   216                  21
  177   162                 4.6
  177   179                21.1
  178   110                   5
  178   262                 8.3
  178   120                 8.5
  178   196                25.2
  179    45                14.9
  179     6                20.7
  179   177                21.1
  180    27                 7.6
  180    98                12.6
  180    15                25.7
  181   137                11.8
  181   171                14.2
  181   169                31.6
  182   251                11.1
  182    29                11.8
  182    40                17.7
  183    61                 8.3
  183     4                14.9
  183    43                39.7
  184   205                16.7
  184   161                18.8
  184   214                24.1
  185    35                  12
  185   112                15.1
  185   274                  25
  186   271                19.5
  186   247                21.7
  186    85                31.5
  186   191                32.7
  187   123                15.4
  187    68                15.6
  187   126                31.3
  188   141                11.1
  188   128                31.5
  188    60                31.8
  188   113                42.6
  189   168                 9.1
  189   256                11.8
  189   236                28.6
  190   269                 6.3
  190   282                14.7
  190   218                21.4
  191   105                 8.2
  191    48                11.8
  191   186                32.7
  192   198                 7.9
  192    72                23.5
  193    50                14.9
  193   247                15.9
  193    85                22.7
  194    72                15.9
  194   134                19.9
  194   268                32.2
  195   107                17.3
  195   124                18.2
  195   244               160.9
  196   219                 9.2
  196   171                18.7
  196   178                25.2
  197   105                17.1
  197    85                26.7
  197    31                29.6
  198   192                 7.9
  198   244                21.3
  199   216                 8.7
  199    34                 8.9
  199   280                25.8
  200    53                12.8
  200    35                  15
  201   289                 7.2
  201   264                17.8
  201   232                21.8
  201   103                26.4
  202   295                12.2
  202   157                13.2
  202   272                16.8
  203    42                 8.9
  203   296                12.3
  203   268                  40
  204   274                 4.8
  204   230                24.1
  204   114                27.3
  205   259                 5.8
  205   184                16.7
  205   215                22.8
  206   121                  13
  206   213                22.7
  206   101                  34
  207   245                 1.6
  207   212                20.8
  208   235                12.4
  208   133                16.1
  208    56                19.4
  208    23                20.2
  209   173                 0.7
  209     5                  11
  209   131                  21
  210   249                 8.5
  210   223                 8.7
  210    57                27.3
  211    61                 6.8
  211   135                10.9
  211    51                13.5
  212   207                20.8
  212   294                31.2
  213   288                 5.6
  213    31                14.8
  213   206                22.7
  213     1                38.8
  214    45                11.4
  214   184                24.1
  214   224                42.4
  215   161                13.7
  215   205                22.8
  215   127                34.2
  216   199                 8.7
  216   176                  21
  217   273                12.7
  217    89                13.5
  217    20                23.3
  218   281                 6.2
  218   190                21.4
  218   127                36.9
  219   227                 6.5
  219   196                 9.2
  219   155                15.2
  219   262                  25
  220    67                21.4
  220   151                34.3
  221   133                 3.8
  221    82                13.9
  221    62                  30
  222     1                 5.9
  222    44                 9.4
  222    83                21.4
  223   210                 8.7
  223    99                12.7
  223   260                16.9
  224   152                 7.5
  224   166                14.1
  224   214                42.4
  225   163                14.7
  225   233                21.8
  225   124                34.6
  226   236                 9.5
  226   175                10.5
  226   168                30.3
  227   219                 6.5
  228    97                 9.6
  228    40                  12
  229   250                 2.2
  229    64                  10
  230   204                24.1
  230   155                39.8
  231   248                18.7
  231   261                31.7
  232   274                 0.9
  232   201                21.8
  233   241                 9.6
  233   225                21.8
  233    67                35.5
  234   145                 7.6
  234    77                14.4
  234   127                16.4
  234    24                41.6
  235   208                12.4
  235     0                15.4
  235    38                  27
  236   258                 3.7
  236   226                 9.5
  236   283                  13
  236   189                28.6
  237   265                13.7
  237    95                19.2
  237    73                35.4
  238   284                12.4
  238    27                37.3
  238    78                39.8
  238    93                44.5
  239   171                13.5
  239    69                19.4
  239    29                33.7
  240    30                 2.9
  240    48                13.1
  241   233                 9.6
  241   118                19.2
  242    53                25.8
  242   146                27.4
  242   253                  31
  242    94                31.5
  242    63                32.9
  243   295                11.7
  243    33                24.1
  244    28                18.4
  244   198                21.3
  244   195               160.9
  245   207                 1.6
  245   151                14.3
  246   277                12.7
  246    45                14.8
  247   119                14.2
  247   193                15.9
  247   186                21.7
  248    10                 4.2
  248   231                18.7
  249   210                 8.5
  249    99                18.4
  249    89                  25
  250   229                 2.2
  250   268                53.9
  251   182                11.1
  251    91                33.7
  252    37                 3.4
  252   288                26.1
  252    36                30.6
  253   164                 8.1
  253    54                17.6
  253   242                  31
  254    57                 2.9
  254   104                 7.1
  255    69                10.9
  255   175                11.9
  255   115                15.5
  256   279                 9.3
  256    27                  11
  256   189                11.8
  257    43                12.4
  257   278                22.5
  257     4                28.5
  258   236                 3.7
  258    12                10.2
  258   279                  23
  258    15                29.6
  259     5                 4.8
  259   205                 5.8
  259    11                11.6
  260   223                16.9
  260    76                20.2
  260   263                24.1
  261    55                17.9
  261   270                23.1
  261   231                31.7
  262   178                 8.3
  262   219                  25
  263   284                 5.1
  263   260                24.1
  263   285                43.6
  264   281                12.8
  264   201                17.8
  265   166                 9.9
  265    22                13.5
  265   237                13.7
  266    68                 2.9
  266   150                 4.6
  266     8                15.6
  267   117                 4.3
  267    14                10.6
  267   118                20.1
  268   194                32.2
  268   203                  40
  268   250                53.9
  269    75                 5.5
  269   190                 6.3
  269   292                23.6
  270     7                10.1
  270   261                23.1
  270   123                29.7
  270    46                41.5
  271    56                 7.8
  271   116                11.9
  271   186                19.5
  272   111                 5.2
  272   202                16.8
  272    93                31.9
  273   122                 9.7
  273   101                12.1
  273   217                12.7
  273    99                24.2
  274   232                 0.9
  274   204                 4.8
  274   185                  25
  275    95                13.6
  275     6                24.8
  275   162                39.6
  276   126                 5.9
  276   123                29.5
  277     6                 3.9
  277   246                12.7
  277   166                20.7
  278   138                15.5
  278   257                22.5
  279   256                 9.3
  279   258                  23
  280   176                 6.7
  280    86                 9.6
  280   297                21.2
  280   199                25.8
  281   218                 6.2
  281   264                12.8
  281   131                28.7
  282   190                14.7
  282    80                15.8
  282   103                30.6
  283    12                 7.8
  283   236                  13
  283   115                19.9
  283   129                23.8
  284   263                 5.1
  284   238                12.4
  284   132                31.4
  285   106                10.2
  285   122                21.4
  285    99                24.3
  285   263                43.6
  286    94                14.8
  286   159                17.5
  286    53                24.2
  287   109                16.4
  287   157                18.2
  288    52                 5.5
  288   213                 5.6
  288   252                26.1
  289   201                 7.2
  289   112                  26
  289   131                31.6
  290   146                18.5
  290   125                19.7
  291   149                13.6
  291     3                  51
  291    97                  69
  292    17                 8.4
  292   169                22.2
  292   269                23.6
  293   159                21.3
  293    71                45.6
  293    92                46.9
  294   160                 7.7
  294    26                24.7
  294   212                31.2
  295   243                11.7
  295   202                12.2
  295   143                  15
  296   203                12.3
  296    87                21.7
  296    32                23.9
  296   297                33.4
  297   113                 8.5
  297   167                13.9
  297   280                21.2
  297   296                33.4
  298    88                11.7
  298   146                15.8
  298    11                42.2
  299    23                12.4
  299    62                21.1
