846
    0    36                 4.7
    0    94                22.3
    0   258                25.8
    1   108                 3.4
    1   151                   4
    2   145                 2.1
    2   268                22.4
    3   264                12.6
    3     9                18.2
    3   244                35.8
    4   106                 8.2
    4   143                22.8
    5   180                12.3
    5    29                27.5
    5   105                36.7
    6   107                 5.5
    6    33                 6.1
    6    95                   9
    7    88                 2.2
    7    84                 9.1
    7   295                22.8
    8   252                11.3
    8   166                35.1
    9   187                13.3
    9     3                18.2
    9   229                21.6
   10   142                 4.2
   10    14                19.7
   11    30                15.4
   11    60                18.3
   11   188                24.4
   12   260                 4.9
   12   224                10.4
   13   236                   3
   13   279                21.6
   13   192                23.5
   14    74                  10
   14   107                11.1
   14    10                19.7
   14    80                31.6
   15   221                 9.6
   16   196                 9.1
   16    58                21.8
   16   117                23.2
   16   135                43.5
   17   272                 2.4
   17   185                18.8
   17   138                22.7
   18   160                19.9
   18   205                27.1
   18   253                32.5
   19   129                 7.5
   19    65                17.2
   19   254                25.1
   20    21                 2.8
   20    50                 9.6
   20    27                  23
   21    20                 2.8
   21    55                10.2
   22   296                 9.9
   22   183                13.8
   22   155                20.8
   23   192                 9.9
   23    48                17.1
   24   102                 3.8
   24    67                  18
   24   168                23.1
   24   242                45.2
   25    81                 5.2
   25   275                 8.6
   26   208                  14
   26    97                25.1
   26   104                27.9
   27    51                13.2
   27   286                20.5
   27    20                  23
   27    44                30.7
   28   254                21.3
   28   149                32.9
   28   287                35.7
   29   167                11.9
   29     5                27.5
   29    83                  48
   30    11                15.4
   30    45                18.4
   30    72                37.7
   31   252                10.8
   31    98                13.5
   31   152                  24
   32    83                15.6
   32   246                16.6
   32    68                17.8
   32   263                28.7
   33     6                 6.1
   33   142                23.8
   34   273                11.5
   34   117                23.4
   34    60                29.4
   35   173                 0.4
   35   288                 5.6
   35   170                20.5
   36     0                 4.7
   36   187                22.3
   37    68                14.5
   37   220                  20
   37   167                28.4
   38    72                 3.6
   38    95                29.6
   39    90                 6.3
   39   153                10.2
   40   182                 5.2
   40   236                13.3
   40   160                17.3
   41   211                 7.8
   41   257                13.4
   41   204                21.9
   42   274                 9.8
   42   196                  31
   43   101                 5.5
   43   284                34.3
   44   250                11.7
   44   258                25.4
   44    27                30.7
   45   234                16.8
   45    30                18.4
   45    86                57.8
   46    69                 3.1
   46   231                  35
   47   171                 1.2
   47   109                13.4
   48   279                16.7
   48    23                17.1
   48   200                23.3
   49   157                   9
   49   297                12.5
   49   296                13.7
   49   183                20.6
   50    20                 9.6
   50   139                10.8
   50   262                13.7
   51    27                13.2
   51    99                19.8
   51    55                  25
   51   148                25.9
   52   165                13.4
   52    96                19.6
   52   277                25.4
   53   250                   8
   53    92                13.3
   53   187                36.1
   54   215                16.6
   54   169                19.3
   54   220                29.5
   55   272                 3.5
   55    21                10.2
   55    51                  25
   56   219                18.7
   56    89                29.9
   56   198                33.5
   57   273                   5
   57   122                 7.1
   58    16                21.8
   58   188                26.4
   58   281                33.6
   59   163                   4
   59   177                19.1
   59   125                46.4
   60   217                  15
   60    11                18.3
   60    34                29.4
   61   240                   6
   61   208                29.6
   61    78                29.8
   62   120                 1.7
   62   266                16.8
   62   156                18.8
   63   161                 4.6
   63   145                 9.8
   63   140                10.6
   64   191                 8.8
   64   111                44.3
   65   291                10.3
   65    19                17.2
   66   263                14.5
   66    93                17.1
   67   233                12.8
   67    24                  18
   67   217                20.2
   68   202                11.5
   68    37                14.5
   68    32                17.8
   69    46                 3.1
   69   215                 9.8
   70   116                 6.9
   70   235                18.5
   70   162                21.4
   71   119                 9.8
   71   215                26.6
   71   225                27.5
   72    38                 3.6
   72   193                   7
   72    30                37.7
   73   212                32.5
   73   184                43.3
   74    14                  10
   74    94                12.4
   75   247                 5.1
   76   180                21.6
   76   256                21.9
   76   125                23.3
   77   294                14.8
   77    80                20.2
   77    95                21.1
   77   210                27.5
   78   259                10.1
   78    79                21.1
   78    61                29.8
   79   124                14.6
   79    78                21.1
   79   264                  38
   80   154                 6.2
   80    77                20.2
   80    14                31.6
   81    25                 5.2
   81    86                13.2
   81    90                17.5
   82   159                 8.4
   82   206                31.4
   82   104                39.9
   83    32                15.6
   83   267                30.6
   83    29                  48
   84     7                 9.1
   84   159                31.2
   84   283                35.5
   85   164                   5
   85   227                16.2
   85   128                30.8
   86   228                 8.5
   86    81                13.2
   86   197                14.7
   86    45                57.8
   87   165                 3.5
   87    88                19.1
   88     7                 2.2
   88    87                19.1
   88   230                  31
   89   248                28.7
   89    56                29.9
   89   230                44.4
   89   271                45.7
   90   197                 3.1
   90    39                 6.3
   90    81                17.5
   90   157                19.1
   91   287                 3.1
   91   166                28.7
   92   261                 4.1
   92    53                13.3
   92   121                16.9
   93   245                   7
   93    66                17.1
   94    74                12.4
   94   240                21.1
   94     0                22.3
   94   130                25.6
   95     6                   9
   95    77                21.1
   95    38                29.6
   95   234                30.1
   96   269                 8.1
   96    98                12.7
   96    52                19.6
   97   260                 9.2
   97   226                10.5
   97    26                25.1
   97   270                58.1
   98    96                12.7
   98    31                13.5
   99   201                11.3
   99    51                19.8
   99   203                21.2
   99   161                57.3
  100   137                 8.9
  100   242                  24
  101    43                 5.5
  101   298                15.5
  101   158                25.9
  101   177                38.2
  102    24                 3.8
  102   147                19.5
  103   242                 8.5
  103   282                23.9
  103   285                40.4
  104   112                20.1
  104    26                27.9
  104    82                39.9
  105   158                13.8
  105     5                36.7
  106     4                 8.2
  106   288                13.8
  107     6                 5.5
  107    14                11.1
  108     1                 3.4
  108   204                12.5
  108   156                19.6
  109    47                13.4
  109   221                27.8
  110   253                 3.8
  110   133                21.1
  110   126                21.3
  110   200                  36
  111   140                 9.1
  111   282                28.8
  111    64                44.3
  112   271                 4.3
  112   104                20.1
  113   171                 5.1
  113   176                12.8
  114   134                 4.6
  114   149                13.3
  115   128                 7.5
  115   227                24.3
  115   254                27.3
  115   149                34.4
  116    70                 6.9
  116   219                41.4
  117    16                23.2
  117    34                23.4
  118   278                 5.1
  118   213                11.2
  118   237                14.8
  119    71                 9.8
  119   220                21.7
  119   167                27.1
  120    62                 1.7
  120   255                  15
  121   199                 3.5
  121   190                11.6
  121    92                16.9
  122    57                 7.1
  122   233                  10
  122   243                27.3
  122   168                  33
  123   176                 3.7
  123   263                 4.7
  124    79                14.6
  124   224                32.6
  124   170               124.1
  125   196                14.7
  125    76                23.3
  125    59                46.4
  126   135                 8.5
  126   194                17.1
  126   110                21.3
  126   155                23.5
  127   251                  14
  127   190                24.1
  127   261                25.7
  128   115                 7.5
  128   291                18.3
  128    85                30.8
  129    19                 7.5
  129   209                11.8
  129   172                34.3
  130   154                12.1
  130   276                18.1
  130    94                25.6
  131   147                 7.9
  131   185                13.6
  132   164                 6.7
  132   141                14.2
  132   195                16.9
  133   110                21.1
  134   114                 4.6
  134   299                 5.3
  134   227                20.3
  135   126                 8.5
  135   241                19.7
  135    16                43.5
  136   249                 8.2
  136   247                18.3
  137   267                 5.7
  137   100                 8.9
  137   189                  18
  138   147                15.5
  138    17                22.7
  138   262                25.1
  138   217                33.2
  139   193                 6.2
  139    50                10.8
  139   286                15.6
  140   111                 9.1
  140    63                10.6
  141   291                 9.8
  141   132                14.2
  141   297                22.1
  142    10                 4.2
  142    33                23.8
  143   244                 8.9
  143     4                22.8
  143   229                27.6
  144   184                10.3
  144   255                31.4
  145     2                 2.1
  145    63                 9.8
  145   203                50.9
  146   290                 3.3
  146   172                 5.4
  147   131                 7.9
  147   138                15.5
  147   102                19.5
  148   282                16.1
  148    51                25.9
  148   185                28.3
  149   114                13.3
  149   212                19.8
  149    28                32.9
  149   115                34.4
  150   162                 3.8
  150   152                15.5
  150   235                20.3
  151     1                   4
  151   266                 6.2
  151   257                18.3
  152   277                 9.8
  152   150                15.5
  152    31                  24
  153   175                   4
  153    39                10.2
  154    80                 6.2
  154   130                12.1
  155   241                 7.8
  155    22                20.8
  155   126                23.5
  155   200                29.6
  156   182                  15
  156    62                18.8
  156   108                19.6
  157    49                   9
  157    90                19.1
  157   275                23.1
  158   105                13.8
  158   218                20.8
  158   101                25.9
  158   167                55.5
  159    82                 8.4
  159   207                26.3
  159    84                31.2
  160    40                17.3
  160    18                19.9
  161    63                 4.6
  161    99                57.3
  162   248                 3.4
  162   150                 3.8
  162    70                21.4
  163    59                   4
  163   280                 5.1
  163   205                26.3
  164    85                   5
  164   132                 6.7
  165   295                 0.9
  165    87                 3.5
  165    52                13.4
  166   290                13.9
  166   269                21.4
  166    91                28.7
  166     8                35.1
  167    29                11.9
  167   119                27.1
  167    37                28.4
  167   158                55.5
  168   189                  19
  168    24                23.1
  168   122                  33
  169    54                19.3
  169   231                26.8
  170   249                15.6
  170    35                20.5
  170   124               124.1
  171    47                 1.2
  171   113                 5.1
  171   246                14.7
  172   146                 5.4
  172   254                19.3
  172   129                34.3
  173    35                 0.4
  173   214                12.7
  174   200                11.8
  174   195                22.8
  174   178                36.8
  175   153                   4
  175   281                 5.7
  175   188                39.6
  176   123                 3.7
  176   113                12.8
  177   284                10.5
  177    59                19.1
  177   101                38.2
  178   211                  14
  178   279                30.5
  178   239                30.7
  178   174                36.8
  179   278                   2
  179   293                 5.8
  179   181                30.8
  180     5                12.3
  180    76                21.6
  180   243                26.3
  180   273                  39
  181   289                 8.1
  181   179                30.8
  181   295                38.2
  182    40                 5.2
  182   156                  15
  182   204                29.1
  183   195                  10
  183    22                13.8
  183    49                20.6
  184   144                10.3
  184   257                  12
  184    73                43.3
  185   131                13.6
  185    17                18.8
  185   242                23.1
  185   148                28.3
  186   207                 7.2
  186   294                26.1
  186   206                26.6
  187     9                13.3
  187   264                  21
  187    36                22.3
  187   258                23.7
  187    53                36.1
  188    11                24.4
  188    58                26.4
  188   175                39.6
  189   137                  18
  189   168                  19
  190   121                11.6
  190   127                24.1
  190   268                26.9
  191    64                 8.8
  191   245                25.4
  192    23                 9.9
  192   253                  12
  192    13                23.5
  193   139                 6.2
  193    72                   7
  193   262                 9.9
  194   274                 9.1
  194   126                17.1
  195   183                  10
  195   132                16.9
  195   174                22.8
  195   297                25.6
  196    16                 9.1
  196   125                14.7
  196    42                  31
  196   273                51.6
  197    90                 3.1
  197    86                14.7
  198    56                33.5
  198   270                36.8
  199   121                 3.5
  199   203                11.6
  199   250                  28
  200   174                11.8
  200    48                23.3
  200   155                29.6
  200   110                  36
  201    99                11.3
  201   250                14.1
  202    68                11.5
  202   246                15.7
  203   199                11.6
  203    99                21.2
  203   145                50.9
  204   222                 9.9
  204   108                12.5
  204    41                21.9
  204   182                29.1
  205   216                  12
  205   163                26.3
  205    18                27.1
  206   276                20.7
  206   208                23.2
  206   186                26.6
  206    82                31.4
  207   186                 7.2
  207   159                26.3
  207   283                50.6
  208    26                  14
  208   259                22.4
  208   206                23.2
  208    61                29.6
  209   223                 6.7
  209   129                11.8
  209   269                41.2
  209   297                42.1
  210   234                16.2
  210    77                27.5
  210   237                34.5
  211    41                 7.8
  211   178                  14
  211   299                48.6
  212   149                19.8
  212    73                32.5
  213   228                 8.2
  213   118                11.2
  213   289                24.7
  214   247                  11
  214   173                12.7
  215    69                 9.8
  215    54                16.6
  215    71                26.6
  216   205                  12
  216   284                13.1
  217    60                  15
  217    67                20.2
  217   138                33.2
  218   232                 9.1
  218   158                20.8
  218   298                25.8
  219    56                18.7
  219   292                26.8
  219   116                41.4
  220    37                  20
  220   119                21.7
  220    54                29.5
  221    15                 9.6
  221   109                27.8
  222   279                 6.3
  222   204                 9.9
  223   209                 6.7
  223   289                18.1
  223   275                24.4
  224   259                   6
  224    12                10.4
  224   124                32.6
  225   232                 9.3
  225    71                27.5
  226    97                10.5
  227   239                12.6
  227    85                16.2
  227   134                20.3
  227   115                24.3
  228   213                 8.2
  228    86                 8.5
  228   237                17.3
  229     9                21.6
  229   261                26.6
  229   143                27.6
  230   277                22.8
  230    88                  31
  230    89                44.4
  231   169                26.8
  231    46                  35
  232   218                 9.1
  232   225                 9.3
  233   122                  10
  233    67                12.8
  234   210                16.2
  234    45                16.8
  234    95                30.1
  235    70                18.5
  235   252                20.1
  235   150                20.3
  236    13                   3
  236    40                13.3
  237   118                14.8
  237   228                17.3
  237   210                34.5
  238   255                34.5
  239   227                12.6
  239   178                30.7
  240    61                   6
  240   276                13.5
  240    94                21.1
  241   155                 7.8
  241   135                19.7
  242   103                 8.5
  242   185                23.1
  242   100                  24
  242    24                45.2
  243   180                26.3
  243   122                27.3
  243   267                55.7
  244   143                 8.9
  244     3                35.8
  245    93                   7
  245   285                 8.7
  245   191                25.4
  246   171                14.7
  246   202                15.7
  246    32                16.6
  247    75                 5.1
  247   214                  11
  247   136                18.3
  248   162                 3.4
  248    89                28.7
  249   136                 8.2
  249   170                15.6
  250    53                   8
  250    44                11.7
  250   201                14.1
  250   199                  28
  251   288                11.2
  251   127                  14
  252    31                10.8
  252     8                11.3
  252   235                20.1
  253   110                 3.8
  253   192                  12
  253    18                32.5
  254   172                19.3
  254    28                21.3
  254    19                25.1
  254   115                27.3
  255   120                  15
  255   144                31.4
  255   238                34.5
  256    76                21.9
  257   184                  12
  257    41                13.4
  257   151                18.3
  258   187                23.7
  258    44                25.4
  258     0                25.8
  258   286                43.2
  259   224                   6
  259    78                10.1
  259   208                22.4
  260    12                 4.9
  260    97                 9.2
  261    92                 4.1
  261   127                25.7
  261   229                26.6
  262   193                 9.9
  262    50                13.7
  262   138                25.1
  263   123                 4.7
  263    66                14.5
  263    32                28.7
  264     3                12.6
  264   187                  21
  264    79                  38
  265   278                 7.1
  265   294                43.6
  266   151                 6.2
  266    62                16.8
  267   137                 5.7
  267   285                23.3
  267    83                30.6
  267   243                55.7
  268     2                22.4
  268   190                26.9
  269    96                 8.1
  269   166                21.4
  269   209                41.2
  270   271                25.2
  270   198                36.8
  270    97                58.1
  271   112                 4.3
  271   270                25.2
  271    89                45.7
  272    17                 2.4
  272    55                 3.5
  273    57                   5
  273    34                11.5
  273   180                  39
  273   196                51.6
  274   280                 8.5
  274   194                 9.1
  274    42                 9.8
  275    25                 8.6
  275   157                23.1
  275   223                24.4
  276   240                13.5
  276   130                18.1
  276   206                20.7
  277   152                 9.8
  277   230                22.8
  277    52                25.4
  278   179                   2
  278   118                 5.1
  278   265                 7.1
  279   222                 6.3
  279    48                16.7
  279    13                21.6
  279   178                30.5
  280   163                 5.1
  280   274                 8.5
  281   175                 5.7
  281   296                24.5
  281    58                33.6
  282   148                16.1
  282   103                23.9
  282   111                28.8
  283   293                   7
  283    84                35.5
  283   207                50.6
  284   177                10.5
  284   216                13.1
  284    43                34.3
  285   245                 8.7
  285   267                23.3
  285   103                40.4
  286   139                15.6
  286    27                20.5
  286   258                43.2
  287    91                 3.1
  287   290                23.8
  287    28                35.7
  288    35                 5.6
  288   251                11.2
  288   106                13.8
  289   181                 8.1
  289   223                18.1
  289   213                24.7
  290   146                 3.3
  290   166                13.9
  290   287                23.8
  291   141                 9.8
  291    65                10.3
  291   128                18.3
  292   219                26.8
  293   179                 5.8
  293   283                   7
  294    77                14.8
  294   186                26.1
  294   265                43.6
  295   165                 0.9
  295     7                22.8
  295   181                38.2
  296    22                 9.9
  296    49                13.7
  296   281                24.5
  297    49                12.5
  297   141                22.1
  297   195                25.6
  297   209                42.1
  298   101                15.5
  298   218                25.8
  299   134                 5.3
  299   211                48.6
