1178
    0    66                 9.3
    0    17                15.6
    0   239                23.5
    0   243                30.5
    1   310                 8.8
    1   338                12.7
    1   358                24.5
    2   320                16.8
    2    11                19.9
    2    12                27.1
    3   287                13.4
    3    53                16.6
    3   354                21.9
    4   318                 9.8
    4    42                12.2
    5   107                 8.6
    5    88                12.2
    5   233                14.5
    6    45                 8.4
    6   260                11.1
    6   204                13.9
    7    93                14.7
    7    37                27.2
    7   324                39.1
    8   202                17.9
    8   305                18.2
    8   382                19.9
    8   221                20.5
    9    91                 5.9
    9    38                 6.7
    9   394                14.9
   10   246                20.5
   10   199                22.3
   10   263                34.1
   11    84                 8.9
   11     2                19.9
   11   366                22.7
   11    21                28.6
   12    21                10.4
   12   250                23.2
   12     2                27.1
   13   275                  18
   13   104                  19
   13   285                33.9
   13   232                51.1
   14   271                 7.5
   14   285                 7.9
   15   294                15.3
   15   249                  19
   15    18                22.6
   16   236                   2
   16   187                10.4
   16   305                15.4
   17     0                15.6
   17   183                  19
   17   304                25.8
   17   159                30.3
   18   337                  15
   18    15                22.6
   18   381                27.1
   19   115                 6.1
   19   145                19.3
   19   325                30.1
   20   212                14.5
   20    98                17.8
   20   299                25.2
   20    77                25.8
   21    12                10.4
   21   228                11.8
   21   298                27.3
   21    11                28.6
   22   277                 7.8
   22   113                 8.7
   22   204                19.5
   23   378                 9.5
   23   382                13.1
   23   288                23.3
   24   243                13.3
   24   314                26.7
   25    97                 8.2
   25   138                 9.3
   25   377                18.4
   25    36                24.7
   26    45                 5.1
   26    31                 6.3
   26   168                12.9
   27    88                10.8
   27   380                16.1
   27   393                16.5
   28   222                12.4
   28    83                17.6
   28   142                29.3
   29   169                12.8
   29   149                13.1
   29   362                  18
   30   331                 8.2
   30   326                35.5
   30    70                36.9
   31    26                 6.3
   31   378                 8.7
   32   120                 3.3
   32   198                16.9
   33   297                11.4
   33   109                93.2
   34   389                 3.7
   34   344                20.9
   34   106                23.7
   35    80                16.9
   35   274                24.5
   35   272                25.9
   36   225                   9
   36   261                13.5
   36    25                24.7
   37   120                15.1
   37    54                20.4
   37     7                27.2
   38   205                 5.2
   38     9                 6.7
   39   297                16.4
   39   398                24.8
   40   230                15.4
   40   203                18.8
   40    46                  28
   41   338                 4.8
   41   310                 9.1
   41   307                25.5
   42   375                  12
   42     4                12.2
   42   211                16.4
   42   255                19.8
   43   119                12.6
   43   201                24.7
   44   192                20.2
   44   135                24.8
   44   186                28.7
   45    26                 5.1
   45     6                 8.4
   45   113                  30
   46    57                   7
   46    40                  28
   46   323                30.6
   47   392                14.5
   47   126                24.4
   47   255                34.9
   48   251                 5.7
   48   199                24.7
   48    57                28.3
   49   200                13.2
   49   375                17.2
   49   176                28.2
   50   290                15.6
   50   289                19.7
   50   271                28.7
   51   301                14.7
   51   369                21.5
   51   211                25.2
   51   168                42.3
   52    99                 5.9
   52   288                 7.9
   52   207                28.7
   53   284                10.7
   53   263                14.1
   53     3                16.6
   54   253                10.1
   54    37                20.4
   54   122                26.5
   55   126                 8.7
   55   117                20.5
   55   375                35.1
   56   272                 8.3
   56   371                14.3
   56   227                24.4
   57    46                   7
   57   146                15.9
   57    48                28.3
   58    92                11.1
   58   108                13.6
   59   133                10.2
   59   191                11.8
   59   195                29.6
   60   218                 5.2
   60   239                15.7
   60   247                25.3
   61   254                 3.9
   61   159                37.5
   62   135                 9.3
   62   396                14.9
   63   125                  12
   63   127                16.7
   64   286                18.1
   64   393                20.9
   64   356                29.7
   64   248                37.1
   65   224                 5.9
   65   176                32.6
   65   147                44.9
   65   134                45.6
   66     0                 9.3
   66   218                13.1
   66   132                46.4
   67   226                12.9
   67   101                17.2
   67   270                18.5
   67   235                30.9
   68   103                24.5
   68   222                39.4
   69   279                12.4
   69   281                23.4
   69   245                40.5
   70   308                   7
   70    30                36.9
   71   226                13.7
   71   399                  16
   71   247                49.2
   72   349                 5.1
   72   201                16.4
   72    94                17.6
   73   156                 7.5
   73   150                14.7
   74   254                 8.8
   74   244                17.1
   74   169                30.6
   75    90                10.8
   75   241                11.5
   75   300                20.6
   75   315                24.3
   76    83                10.1
   77   129                21.1
   77   284                21.4
   77   387                21.7
   77    20                25.8
   78   289                 7.9
   78    83                37.8
   79   137                 4.1
   79   132                16.2
   79   182                18.8
   80    35                16.9
   80   264                17.2
   80   227                19.3
   80   208                20.4
   81   314                25.6
   81   202                26.8
   81   267                  39
   82   336                 5.7
   82   183                19.7
   82   291                21.7
   82   364                28.1
   83    76                10.1
   83    28                17.6
   83    78                37.8
   84    11                 8.9
   84   231                  11
   84   262                46.8
   85   280                 7.6
   85   213                13.8
   85   369                  15
   86    89                   5
   86   236                 8.9
   86   327                10.9
   86   258                23.9
   87   173                 7.7
   87   162                17.1
   88    27                10.8
   88     5                12.2
   88   128                36.2
   89    86                   5
   89    99                 7.6
   90    75                10.8
   90   295                16.3
   90   151                16.9
   90   302                57.7
   91   397                 5.2
   91     9                 5.9
   91   352                15.9
   92   307                 7.7
   92    58                11.1
   92   128                15.1
   93   264                 1.9
   93     7                14.7
   93   122                20.3
   94   107                11.4
   94    72                17.6
   94   238                20.8
   94   395                23.2
   95   374                 5.7
   95   166                 8.2
   96   130                 6.5
   96   237                29.4
   96   276                38.1
   97    25                 8.2
   97   147                15.9
   97   163                46.2
   98    20                17.8
   98   391                19.4
   98   341                25.8
   98   322                30.9
   99   236                 4.1
   99    52                 5.9
   99    89                 7.6
  100   134                  13
  100   328                43.9
  101   339                12.1
  101    67                17.2
  101   111                24.3
  102   230                12.3
  102   347                  17
  103    68                24.5
  103   276                24.7
  103   237                34.8
  104    13                  19
  104   368                19.8
  104   276                44.9
  104   142                59.7
  105   297                 8.6
  105   172                17.7
  105   315                18.2
  106   370                 8.3
  106   280                19.7
  106    34                23.7
  107     5                 8.6
  107    94                11.4
  107   286                25.9
  107   393                27.1
  108    58                13.6
  108   338                27.1
  109   362                10.9
  109   157                50.8
  109    33                93.2
  110   357                15.8
  110   356                19.3
  110   182                42.4
  111   270                19.6
  111   101                24.3
  111   393                25.8
  111   356                32.7
  112   310                 6.1
  112   302                11.2
  113   194                 3.8
  113    22                 8.7
  113   383                28.9
  113    45                  30
  114   248                11.5
  114   133                12.4
  114   384                  37
  115    19                 6.1
  116   326                13.5
  116   225                14.8
  116   227                25.2
  116   147                36.8
  117   200                16.1
  117    55                20.5
  118   174                13.5
  118   217                14.5
  118   209                  20
  119   124                10.4
  119    43                12.6
  120    32                 3.3
  120    37                15.1
  120   256                37.9
  121   387                 3.6
  121   299                 9.7
  122   274                  13
  122    93                20.3
  122    54                26.5
  123   220                13.7
  123   166                16.2
  123   341                22.3
  123   322                26.3
  124   148                 7.4
  124   119                10.4
  124   180                19.2
  125   390                10.9
  125    63                  12
  126    55                 8.7
  126    47                24.4
  127    63                16.7
  127   171                18.3
  127   306                23.9
  128   348                 9.3
  128    92                15.1
  128    88                36.2
  129    77                21.1
  129   212                23.3
  129   354                26.3
  130    96                 6.5
  130   192                11.3
  131   174                 6.7
  131   283                16.3
  131   232                  19
  132    79                16.2
  132   314                26.8
  132   327                40.3
  132    66                46.4
  133    59                10.2
  133   114                12.4
  133   223                39.2
  134   100                  13
  134   200                31.1
  134    65                45.6
  135    62                 9.3
  135   276                13.2
  135    44                24.8
  136   254                 3.1
  136   359                13.2
  137    79                 4.1
  137   293                 5.2
  137   189                20.6
  138   175                 4.9
  138    25                 9.3
  139   316                 9.1
  139   362                11.1
  139   190                11.8
  140   188                 0.4
  140   395                 3.4
  141   206                 2.5
  141   250                12.5
  142    28                29.3
  142   289                30.1
  142   104                59.7
  143   299                   8
  143   298                 8.7
  144   315                 7.8
  144   170                   9
  144   241                  27
  145   274                  15
  145    19                19.3
  145   328                19.4
  146   278                14.3
  146    57                15.9
  146   193                24.6
  146   251                33.7
  147    97                15.9
  147   116                36.8
  147    65                44.9
  147   165                46.5
  148   197                 3.9
  148   124                 7.4
  148   320                18.1
  149   240                 4.7
  149   160                 7.6
  149    29                13.1
  150    73                14.7
  150   312                18.5
  150   234                35.3
  151   241                 4.4
  151   365                 9.5
  151   257                16.4
  151    90                16.9
  152   212                17.3
  152   229                  43
  153   154                   9
  153   229                  22
  153   242                22.1
  154   153                   9
  154   219                  10
  155   173                 8.7
  155   229                18.5
  156    73                 7.5
  156   196                  20
  157   244                 7.4
  157   331                  25
  157   308                38.7
  157   109                50.8
  158   330                 6.9
  158   220                24.6
  159   291                17.1
  159    17                30.3
  159   169                  31
  159    61                37.5
  160   190                 2.7
  160   149                 7.6
  161   321                  12
  161   316                23.1
  162   350                 4.4
  162    87                17.1
  163   185                 4.2
  163   202                  22
  163    97                46.2
  164   329                 4.2
  164   219                  13
  165   185                 7.9
  165   311                  25
  165   147                46.5
  166   262                   8
  166    95                 8.2
  166   123                16.2
  167   247                17.5
  167   336                17.9
  167   399                45.7
  168   178                 7.8
  168    26                12.9
  168    51                42.3
  169    29                12.8
  169    74                30.6
  169   159                  31
  170   309                 7.6
  170   144                   9
  170   364                26.8
  170   399                  37
  171   192                10.6
  171   127                18.3
  172   300                17.2
  172   105                17.7
  172   345                18.1
  173    87                 7.7
  173   155                 8.7
  174   131                 6.7
  174   210                 7.7
  174   118                13.5
  175   138                 4.9
  175   202                33.3
  176   318                  18
  176    49                28.2
  176    65                32.6
  177   394                 1.7
  177   191                18.8
  177   189                  39
  178   382                 3.6
  178   168                 7.8
  179   308                12.9
  179   324                24.8
  180   124                19.2
  180   366                19.6
  181   381                17.5
  181   372                  18
  181   251                23.6
  182    79                18.8
  182   218                29.4
  182   110                42.4
  183   239                13.3
  183    17                  19
  183    82                19.7
  184   208                 5.6
  184   264                23.9
  185   163                 4.2
  185   165                 7.9
  185   221                10.6
  186   215                  23
  186   278                26.1
  186    44                28.7
  186   306                41.2
  187   385                 7.4
  187    16                10.4
  187   327                13.1
  187   296                16.7
  188   140                 0.4
  188   206                11.9
  189   195                12.5
  189   137                20.6
  189   177                  39
  190   160                 2.7
  190   139                11.8
  191    59                11.8
  191   363                13.8
  191   177                18.8
  192   171                10.6
  192   130                11.3
  192    44                20.2
  193   146                24.6
  193   281                25.4
  193   215                25.8
  194   113                 3.8
  194   217                24.4
  195   189                12.5
  195   384                21.1
  195    59                29.6
  196   358                16.1
  196   156                  20
  196   234                22.2
  196   302                47.8
  197   148                 3.9
  197   343                  14
  198    32                16.9
  198   253                21.6
  199    10                22.3
  199    48                24.7
  199   287                28.9
  200    49                13.2
  200   117                16.1
  200   134                31.1
  201    72                16.4
  201    43                24.7
  201   343                25.7
  202     8                17.9
  202   163                  22
  202    81                26.8
  202   175                33.3
  203   246                15.4
  203    40                18.8
  203   347                27.5
  204     6                13.9
  204   301                15.3
  204    22                19.5
  204   344                  26
  205    38                 5.2
  205   352                 6.7
  205   246                37.1
  206   141                 2.5
  206   188                11.9
  206   238                17.1
  207   379                 9.6
  207    52                28.7
  207   216                33.7
  208   184                 5.6
  208   326                10.8
  208    80                20.4
  209   259                 8.8
  209   275                16.6
  209   118                  20
  210   217                 7.2
  210   174                 7.7
  211    42                16.4
  211   269                16.9
  211    51                25.2
  212   391                 8.3
  212    20                14.5
  212   152                17.3
  212   129                23.3
  213   376                 6.3
  213   344                12.6
  213    85                13.8
  214   361                 6.7
  214   353                24.8
  215   283                14.4
  215   186                  23
  215   193                25.8
  215   232                27.2
  216   279                13.8
  216   292                18.9
  216   207                33.7
  217   210                 7.2
  217   118                14.5
  217   383                24.1
  217   194                24.4
  218    60                 5.2
  218    66                13.1
  218   182                29.4
  219   154                  10
  219   164                  13
  220   123                13.7
  220   158                24.6
  221   185                10.6
  221     8                20.5
  222    28                12.4
  222    68                39.4
  223   319                18.3
  223   333                19.8
  223   133                39.2
  224   371                 0.7
  224    65                 5.9
  225    36                   9
  225   116                14.8
  225   331                38.9
  226    67                12.9
  226    71                13.7
  226   339                20.7
  226   302                39.3
  227    80                19.3
  227    56                24.4
  227   116                25.2
  228    21                11.8
  228   333                18.1
  228   387                40.5
  229   155                18.5
  229   153                  22
  229   350                34.3
  229   152                  43
  230   102                12.3
  230    40                15.4
  230   292                18.9
  231    84                  11
  231   298                15.7
  231   341                31.9
  232   396                 7.4
  232   131                  19
  232   215                27.2
  232    13                51.1
  233   360                 2.9
  233     5                14.5
  233   317                32.8
  234   335                21.7
  234   196                22.2
  234   150                35.3
  234   295                41.6
  235   302                11.6
  235   265                22.7
  235   307                27.5
  235    67                30.9
  236    16                   2
  236    99                 4.1
  236    86                 8.9
  237    96                29.4
  237   103                34.8
  238   286                 6.1
  238   206                17.1
  238    94                20.8
  239   183                13.3
  239    60                15.7
  239   336                21.6
  239     0                23.5
  240   149                 4.7
  240   321                14.3
  240   291                40.7
  241   151                 4.4
  241    75                11.5
  241   144                  27
  242   329                19.8
  242   153                22.1
  242   330                29.6
  242   391                42.6
  243    24                13.3
  243   342                14.5
  243     0                30.5
  244   157                 7.4
  244    74                17.1
  244   362                45.5
  245   379                 5.2
  245    69                40.5
  246   203                15.4
  246    10                20.5
  246   319                33.9
  246   205                37.1
  247   167                17.5
  247    60                25.3
  247   357                29.8
  247    71                49.2
  248   114                11.5
  248   355                12.4
  248    64                37.1
  249   334                14.5
  249   273                  18
  249    15                  19
  250   141                12.5
  250   355                  15
  250    12                23.2
  251    48                 5.7
  251   181                23.6
  251   146                33.7
  251   332                41.8
  252   351                 5.6
  252   255                15.3
  253   340                  10
  253    54                10.1
  253   198                21.6
  254   136                 3.1
  254    61                 3.9
  254    74                 8.8
  255   252                15.3
  255    42                19.8
  255    47                34.9
  256   324                 1.1
  256   120                37.9
  257   151                16.4
  258    86                23.9
  258   292                25.6
  258   266                27.4
  259   209                 8.8
  259   277                14.5
  259   344                23.9
  260   301                11.1
  260     6                11.1
  261    36                13.5
  261   377                19.5
  261   313                25.3
  262   166                   8
  262    84                46.8
  263    53                14.1
  263    10                34.1
  264    93                 1.9
  264    80                17.2
  264   184                23.9
  265   380                  13
  265   270                  14
  265   235                22.7
  266   397                  10
  266   258                27.4
  267   377                14.8
  267   342                  23
  267    81                  39
  268   320                 5.9
  268   343                12.1
  268   395                13.3
  269   311                 4.7
  269   318                11.5
  269   211                16.9
  270   265                  14
  270    67                18.5
  270   111                19.6
  271    14                 7.5
  271   368                13.2
  271    50                28.7
  272    56                 8.3
  272   328                 8.6
  272    35                25.9
  273   381                13.9
  273   249                  18
  273   303                18.3
  274   122                  13
  274   145                  15
  274    35                24.5
  274   340                38.1
  275   209                16.6
  275   389                17.9
  275    13                  18
  276   135                13.2
  276   103                24.7
  276    96                38.1
  276   104                44.9
  277    22                 7.8
  277   259                14.5
  278   146                14.3
  278   372                20.8
  278   186                26.1
  279    69                12.4
  279   323                12.6
  279   216                13.8
  280    85                 7.6
  280   351                  11
  280   106                19.7
  280   392                  26
  281   383                  19
  281   283                21.5
  281    69                23.4
  281   193                25.4
  282   358                11.2
  282   338                20.3
  283   215                14.4
  283   131                16.3
  283   281                21.5
  284    53                10.7
  284    77                21.4
  284   319                51.4
  285    14                 7.9
  285    13                33.9
  285   370                43.1
  286   238                 6.1
  286    64                18.1
  286   107                25.9
  286   355                33.1
  287   332                 5.3
  287     3                13.4
  287   199                28.9
  288   305                 6.4
  288    52                 7.9
  288    23                23.3
  289    78                 7.9
  289    50                19.7
  289   142                30.1
  290   346                13.3
  290    50                15.6
  291   159                17.1
  291    82                21.7
  291   240                40.7
  292   323                17.3
  292   230                18.9
  292   216                18.9
  292   258                25.6
  293   137                 5.2
  293   397                50.3
  294    15                15.3
  294   337                18.2
  294   373                21.4
  295   300                13.7
  295    90                16.3
  295   234                41.6
  296   305                  10
  296   187                16.7
  297   105                 8.6
  297    33                11.4
  297    39                16.4
  297   309                26.1
  298   143                 8.7
  298   231                15.7
  298    21                27.3
  299   143                   8
  299   121                 9.7
  299    20                25.2
  300   295                13.7
  300   172                17.2
  300    75                20.6
  301   260                11.1
  301   376                13.8
  301    51                14.7
  301   204                15.3
  302   112                11.2
  302   235                11.6
  302   226                39.3
  302   196                47.8
  302    90                57.7
  303   306                14.4
  303   372                17.3
  303   273                18.3
  304   342                11.1
  304    17                25.8
  304   313                33.8
  305   288                 6.4
  305   296                  10
  305    16                15.4
  305     8                18.2
  306   303                14.4
  306   390                15.7
  306   127                23.9
  306   186                41.2
  307    92                 7.7
  307    41                25.5
  307   380                  26
  307   235                27.5
  308    70                   7
  308   179                12.9
  308   157                38.7
  309   170                 7.6
  309   297                26.1
  309   398                28.9
  310   112                 6.1
  310     1                 8.8
  310    41                 9.1
  311   269                 4.7
  311   165                  25
  312   367                 9.3
  312   150                18.5
  313   359                  10
  313   261                25.3
  313   304                33.8
  314   385                18.6
  314    81                25.6
  314    24                26.7
  314   132                26.8
  315   144                 7.8
  315   105                18.2
  315    75                24.3
  316   139                 9.1
  316   161                23.1
  317   348                 5.6
  317   233                32.8
  318     4                 9.8
  318   269                11.5
  318   176                  18
  319   386                 4.6
  319   223                18.3
  319   246                33.9
  319   284                51.4
  320   268                 5.9
  320     2                16.8
  320   148                18.1
  321   161                  12
  321   398                12.1
  321   240                14.3
  321   364                33.7
  322   330                  17
  322   123                26.3
  322    98                30.9
  323   279                12.6
  323   292                17.3
  323    46                30.6
  324   256                 1.1
  324   179                24.8
  324     7                39.1
  325   340                18.5
  325    19                30.1
  326   208                10.8
  326   116                13.5
  326    30                35.5
  327    86                10.9
  327   187                13.1
  327   132                40.3
  328   272                 8.6
  328   145                19.4
  328   100                43.9
  329   164                 4.2
  329   242                19.8
  330   158                 6.9
  330   322                  17
  330   242                29.6
  331    30                 8.2
  331   359                16.2
  331   157                  25
  331   225                38.9
  332   287                 5.3
  332   337                12.1
  332   251                41.8
  333   355                13.5
  333   228                18.1
  333   223                19.8
  334   249                14.5
  334   353                25.9
  334   388                50.7
  335   234                21.7
  335   367                21.9
  335   345                  43
  336    82                 5.7
  336   167                17.9
  336   239                21.6
  337   332                12.1
  337    18                  15
  337   294                18.2
  337   354                  23
  338    41                 4.8
  338     1                12.7
  338   282                20.3
  338   108                27.1
  339   101                12.1
  339   226                20.7
  339   357                23.5
  340   253                  10
  340   325                18.5
  340   274                38.1
  341   123                22.3
  341    98                25.8
  341   231                31.9
  342   304                11.1
  342   243                14.5
  342   267                  23
  343   268                12.1
  343   197                  14
  343   201                25.7
  344   213                12.6
  344    34                20.9
  344   259                23.9
  344   204                  26
  345   172                18.1
  345   335                  43
  346   290                13.3
  346   368                21.1
  347   352                   8
  347   102                  17
  347   397                  19
  347   203                27.5
  348   317                 5.6
  348   128                 9.3
  349   360                 3.3
  349    72                 5.1
  350   162                 4.4
  350   373                   8
  350   229                34.3
  350   354                38.2
  351   252                 5.6
  351   369                 6.4
  351   280                  11
  352   205                 6.7
  352   347                   8
  352    91                15.9
  353   214                24.8
  353   334                25.9
  354     3                21.9
  354   337                  23
  354   129                26.3
  354   350                38.2
  355   248                12.4
  355   333                13.5
  355   250                  15
  355   286                33.1
  356   384                16.6
  356   110                19.3
  356    64                29.7
  356   111                32.7
  357   110                15.8
  357   339                23.5
  357   247                29.8
  358   282                11.2
  358   196                16.1
  358     1                24.5
  359   313                  10
  359   136                13.2
  359   331                16.2
  360   233                 2.9
  360   349                 3.3
  361   390                 1.7
  361   214                 6.7
  362   109                10.9
  362   139                11.1
  362    29                  18
  362   244                45.5
  363   191                13.8
  363   394                15.7
  363   386                32.5
  364   170                26.8
  364    82                28.1
  364   321                33.7
  365   399                 2.9
  365   151                 9.5
  366   180                19.6
  366    11                22.7
  366   374                36.2
  367   312                 9.3
  367   335                21.9
  368   271                13.2
  368   104                19.8
  368   346                21.1
  369   351                 6.4
  369   376                13.5
  369    85                  15
  369    51                21.5
  370   106                 8.3
  370   392                21.9
  370   285                43.1
  371   224                 0.7
  371    56                14.3
  372   303                17.3
  372   181                  18
  372   278                20.8
  373   388                 5.4
  373   350                   8
  373   294                21.4
  374    95                 5.7
  374   366                36.2
  375    42                  12
  375    49                17.2
  375    55                35.1
  376   213                 6.3
  376   369                13.5
  376   301                13.8
  377   267                14.8
  377    25                18.4
  377   261                19.5
  378   379                 3.5
  378    31                 8.7
  378    23                 9.5
  379   378                 3.5
  379   245                 5.2
  379   207                 9.6
  380   265                  13
  380    27                16.1
  380   307                  26
  381   273                13.9
  381   181                17.5
  381    18                27.1
  382   178                 3.6
  382    23                13.1
  382     8                19.9
  383   281                  19
  383   217                24.1
  383   113                28.9
  384   356                16.6
  384   195                21.1
  384   114                  37
  385   187                 7.4
  385   314                18.6
  386   319                 4.6
  386   363                32.5
  387   121                 3.6
  387    77                21.7
  387   228                40.5
  388   373                 5.4
  388   334                50.7
  389    34                 3.7
  389   275                17.9
  390   361                 1.7
  390   125                10.9
  390   306                15.7
  391   212                 8.3
  391    98                19.4
  391   242                42.6
  392    47                14.5
  392   370                21.9
  392   280                  26
  393    27                16.5
  393    64                20.9
  393   111                25.8
  393   107                27.1
  394   177                 1.7
  394     9                14.9
  394   363                15.7
  395   140                 3.4
  395   268                13.3
  395    94                23.2
  396   232                 7.4
  396    62                14.9
  397    91                 5.2
  397   266                  10
  397   347                  19
  397   293                50.3
  398   321                12.1
  398    39                24.8
  398   309                28.9
  399   365                 2.9
  399    71                  16
  399   170                  37
  399   167                45.7
