1184
    0   355                 8.2
    0   167                12.8
    0   398                16.5
    1   270                15.2
    1   225                29.3
    2   118                 4.6
    2   160                 9.5
    2   379                12.4
    3   243                 1.3
    3   271                11.5
    3    13                13.6
    4   237                14.9
    4   213                25.1
    4   251                30.8
    5   265                 8.3
    5   208                14.8
    5   158                33.8
    5   159                48.6
    6   112                10.8
    6   385                17.9
    6   390                  34
    7   308                   5
    7   270                15.1
    7   389                27.3
    8    18                 9.1
    8   317                  18
    8    83                36.7
    9   285                 8.4
    9   361                17.6
   10   334                12.2
   11    45                 1.4
   11   262                14.9
   12   274                  13
   12   264                16.5
   12   165                22.8
   13   358                 7.9
   13     3                13.6
   14   257                  14
   14   325                25.1
   14   143                31.3
   14   357                38.5
   15   205                10.8
   15   240                11.6
   15    36                39.6
   15    75                40.9
   16   359                 5.1
   16   224                10.9
   17   204                10.1
   17   143                16.6
   18     8                 9.1
   18   397                10.5
   18   348                12.9
   19   339                   4
   19   131                   7
   20   360                12.1
   20    86                21.4
   21   289                 7.3
   21   169                17.8
   21    36                20.3
   21   205                  39
   22   280                22.5
   22   347                29.5
   22   212                38.1
   22   195                40.5
   23    33                 8.3
   23   377                15.6
   23    86                28.8
   24   352                   8
   24   121                17.7
   25    29                 6.2
   25   180                  32
   26   228                 9.1
   26    97                22.6
   26   217                30.4
   26   286                32.2
   27   396                11.6
   27   346                22.5
   27   123                23.6
   28   225                 8.4
   28   244                15.8
   28   191                22.5
   28   389                39.9
   29    25                 6.2
   29   254                 7.7
   30   246                14.7
   30   257                17.3
   30   366                17.8
   31   339                 2.9
   31   113                   5
   31   290                12.3
   32   183                 9.3
   32   130                13.2
   32   272                17.9
   33    44                 7.4
   33    23                 8.3
   34   228                16.6
   34   118                17.8
   34   259                31.6
   35   379                 7.4
   35   330                   9
   35   394                  15
   36    21                20.3
   36   173                22.4
   36    15                39.6
   37    78                10.4
   37   358                10.8
   38   101                21.4
   38   325                28.5
   38    58                29.7
   38   216                33.5
   39   170                19.3
   39   166                23.5
   40   111                16.7
   40    42                20.4
   40   104                23.2
   41   249                11.6
   41   201                21.6
   42   293                16.7
   42    40                20.4
   42   322                24.2
   42    82                41.3
   43   379                 5.8
   43   330                 7.4
   44    33                 7.4
   44    81                 9.5
   44   187                  19
   45    11                 1.4
   45    67                12.3
   45   126                22.4
   45   166                43.8
   46   252                 9.8
   46   167                14.9
   47   235                 3.1
   47   399                 8.4
   47   207                20.5
   47   233                28.8
   48   208                 3.8
   48   127                19.7
   49   261                 7.6
   49   303                13.4
   49   236                22.4
   49    69                25.4
   50   310                 6.8
   50   212                10.2
   50   343                21.7
   51   300                17.5
   51   356                20.5
   51   276                50.4
   52   340                15.1
   52   369                  27
   52    93                38.2
   53   242                 3.4
   53   393                  12
   54   365                11.5
   54   215                15.6
   54   162                24.2
   55   315                17.1
   55    88                18.4
   55   210                25.6
   56   229                 5.1
   56   208                22.4
   56   347                26.1
   57   282                 9.7
   57   269                26.3
   57   331                72.3
   58   335                23.2
   58    38                29.7
   58   153                40.9
   59   159                13.5
   59   220                17.9
   59   333                29.8
   59   144                30.1
   60   355                 8.9
   60   151                14.2
   61   286                 2.1
   61    74                 7.7
   61   228                35.8
   62   380                 5.8
   62   294                13.5
   62   352                25.5
   63   241                  12
   63   250                12.3
   63   109                12.5
   63   255                16.5
   64   321                 9.6
   64   149                17.2
   65   140                 4.4
   65   331                33.4
   65    90                45.5
   66   141                   6
   66   306                  19
   67    45                12.3
   67   349                19.8
   67   318                25.4
   68   239                15.9
   68   353                16.6
   68    89                17.4
   69   158                15.6
   69   148                20.5
   69    49                25.4
   70   231                 8.6
   70   106                25.8
   70   341                  30
   71   181                 3.5
   71   252                 8.8
   71   351                 9.9
   72   274                 2.8
   72   138                14.1
   72   384                22.9
   73   201                15.6
   73   114                15.9
   74    61                 7.7
   74   389                13.5
   74   295                  22
   75   382                 6.8
   75    91                 8.3
   75    15                40.9
   76   136                12.4
   77   289                 9.2
   77   328                12.1
   78    37                10.4
   78   195                11.3
   78   307                14.7
   79   329                   7
   79    85                16.4
   79   214                16.9
   79   314                54.7
   80   211                14.1
   80   169                22.4
   81   363                 3.1
   81    44                 9.5
   81   291                28.4
   82   237                25.9
   82   251                  26
   82   201                30.1
   82    42                41.3
   83   256                 2.2
   83   120                11.1
   83     8                36.7
   84   163                 5.5
   84   344                28.9
   84    87                40.4
   85    79                16.4
   85   372                22.8
   85   367                33.2
   85   223                  57
   86   106                14.9
   86    20                21.4
   86    23                28.8
   87   117                14.8
   87   352                  27
   87    84                40.4
   88   264                 1.8
   88   299                 8.6
   88   174                12.9
   88    55                18.4
   89   182                 5.9
   89    68                17.4
   89   144                17.6
   89   350                25.2
   90   269                13.5
   90   357                20.5
   90    65                45.5
   91   340                 4.6
   91    75                 8.3
   92   285                 6.7
   92   194                17.5
   92   333                62.9
   93   138                15.6
   93   227                19.9
   93   173                34.2
   93    52                38.2
   94   253                12.3
   94   240                19.3
   94   287                24.4
   94   382                24.7
   95   130                 8.1
   95   334                 8.6
   96   234                  17
   96   260                23.2
   96   285                46.8
   97   176                   4
   97    26                22.6
   98   137                25.7
   98   300                27.1
   98   238                33.3
   98   309                48.5
   99   254                  13
   99   250                26.9
   99   370                57.5
  100   386                12.6
  100   372                24.9
  100   344                27.4
  101   246                13.1
  101   232                13.7
  101    38                21.4
  101   391                22.1
  102   319                11.9
  102   172                24.2
  102   251                36.7
  103   230                20.7
  103   162                22.4
  103   124                35.9
  104   119                10.8
  104    40                23.2
  105   146                14.5
  105   108                18.4
  105   223                31.3
  106    86                14.9
  106   377                23.5
  106    70                25.8
  107   248                 7.8
  107   395                12.9
  107   301                13.8
  108   247                 6.3
  108   105                18.4
  108   392                61.1
  109    63                12.5
  109   297                12.6
  110   181                 9.9
  110   279                15.6
  110   149                19.9
  110   277                27.6
  111   249                 8.4
  111    40                16.7
  112     6                10.8
  112   184                19.1
  112   200                20.9
  113    31                   5
  113   265                 9.9
  113   364                33.2
  114    73                15.9
  114   374                20.1
  115   124                17.1
  115   235                24.2
  115   327                25.2
  116   117                10.9
  116   147                  93
  117   116                10.9
  117    87                14.8
  117   199                21.4
  118     2                 4.6
  118    34                17.8
  118   190                38.9
  119   104                10.8
  119   129                12.3
  119   221                50.1
  120   322                 8.2
  120    83                11.1
  120   203                32.2
  121   380                 8.5
  121    24                17.7
  122   202                 4.7
  122   360                 6.7
  123   306                 6.4
  123   141                16.2
  123    27                23.6
  123   145                24.2
  124   288                 4.9
  124   115                17.1
  124   292                  19
  124   103                35.9
  125   275                15.7
  125   202                28.4
  126    45                22.4
  126   388                31.2
  126   291                43.2
  127   229                10.5
  127   303                15.4
  127   236                19.4
  127    48                19.7
  128   136                20.1
  128   209                20.5
  128   385                21.4
  129   322                 6.7
  129   119                12.3
  129   335                52.5
  130    95                 8.1
  130    32                13.2
  130   137                14.7
  131    19                   7
  131   182                10.7
  132   320                 9.9
  132   175                17.8
  132   225                19.9
  133   378                21.9
  133   254                  33
  133   365                  39
  134   293                17.4
  134   354                19.2
  134   251                24.9
  134   319                  50
  135   209                   9
  135   331                13.9
  136    76                12.4
  136   128                20.1
  137   130                14.7
  137    98                25.7
  138    72                14.1
  138    93                15.6
  138   261                23.6
  138   369                32.3
  139   389                 8.6
  139   196                  10
  139   222                12.6
  139   311                23.5
  140    65                 4.4
  140   200                 8.8
  140   312                 9.4
  141    66                   6
  141   123                16.2
  141   346                27.5
  142   303                  12
  142   158                13.5
  143   312                12.8
  143   184                  15
  143    17                16.6
  143    14                31.3
  144    89                17.6
  144   353                26.7
  144    59                30.1
  145   168                23.2
  145   123                24.2
  145   396                29.6
  145   287                42.4
  146   321                 5.9
  146   105                14.5
  146   279                49.2
  147   321                14.7
  147   181                45.4
  147   116                  93
  148   186                13.9
  148    69                20.5
  148   227                32.6
  148   173                34.6
  149    64                17.2
  149   110                19.9
  150   395                12.1
  150   276                21.1
  150   305                37.4
  151   382                 8.1
  151    60                14.2
  151   253                19.9
  151   398                24.5
  152   258                 5.6
  152   340                15.4
  153   216                 7.5
  153   390                26.8
  153    58                40.9
  154   367                10.7
  154   310                13.7
  154   368                16.8
  155   189                 4.7
  155   200                23.5
  155   385                25.1
  156   204                 9.1
  156   184                25.1
  156   390                  43
  157   214                14.8
  157   367                15.9
  157   212                24.7
  158   142                13.5
  158   198                14.8
  158    69                15.6
  158     5                33.8
  159    59                13.5
  159     5                48.6
  160     2                 9.5
  160   318                28.7
  161   270                17.8
  161   233                20.3
  161   230                36.3
  162   281                13.2
  162   103                22.4
  162    54                24.2
  163    84                 5.5
  163   373                15.1
  163   294                16.8
  164   165                 7.6
  164   314                 7.8
  164   296                10.6
  165   164                 7.6
  165   171                15.2
  165    12                22.8
  166    39                23.5
  166   388                38.1
  166    45                43.8
  167   351                 3.4
  167   298                12.8
  167     0                12.8
  167    46                14.9
  168   211                15.1
  168   193                20.9
  168   145                23.2
  169   180                13.4
  169    21                17.8
  169    80                22.4
  169   336                26.4
  170    39                19.3
  170   349                31.2
  171   384                 2.4
  171   165                15.2
  171   188                17.8
  172   368                 9.1
  172   383                12.7
  172   102                24.2
  173   328                17.4
  173    36                22.4
  173    93                34.2
  173   148                34.6
  174   229                 5.4
  174   179                 8.2
  174    88                12.9
  175   191                 4.5
  175   132                17.8
  175   198                21.8
  176   324                 3.2
  176    97                   4
  176   278                18.4
  177   284                   4
  177   185                25.8
  178   266                15.6
  178   254                19.1
  178   328                34.6
  179   299                 7.1
  179   174                 8.2
  180   169                13.4
  180   289                19.3
  180    25                  32
  180   241                  40
  181    71                 3.5
  181   110                 9.9
  181   147                45.4
  182    89                 5.9
  182   131                10.7
  183    32                 9.3
  183   275                19.2
  183   376                26.7
  184   143                  15
  184   112                19.1
  184   156                25.1
  185   270                17.4
  185   215                24.4
  185   177                25.8
  186   148                13.9
  186   266                27.7
  186   320                  32
  186   198                  40
  187    44                  19
  187   388                35.7
  188   362                 6.2
  188   279                15.8
  188   171                17.8
  189   155                 4.7
  189   331                 8.3
  189   209                11.5
  190   295                  23
  190   233                23.6
  190   207                  28
  190   118                38.9
  191   175                 4.5
  191   364                10.1
  191    28                22.5
  192   380                 2.9
  192   342                11.3
  193   396                10.7
  193   375                16.6
  193   168                20.9
  194   345                 2.4
  194    92                17.5
  194   238                50.7
  195    78                11.3
  195   305                  22
  195    22                40.5
  196   139                  10
  196   326                10.1
  196   323                28.2
  197   267                15.2
  197   282                50.4
  198   158                14.8
  198   175                21.8
  198   265                33.1
  198   186                  40
  199   117                21.4
  199   223                27.6
  199   372                46.9
  200   140                 8.8
  200   112                20.9
  200   155                23.5
  201    73                15.6
  201    41                21.6
  201    82                30.1
  201   304                41.9
  202   122                 4.7
  202   125                28.4
  203   338                24.5
  203   391                25.6
  203   120                32.2
  204   156                 9.1
  204    17                10.1
  204   325                13.1
  205   211                 2.7
  205    15                10.8
  205    21                  39
  206   378                16.8
  206   266                17.2
  206   320                32.2
  207    47                20.5
  207   190                  28
  207   318                32.1
  208    48                 3.8
  208     5                14.8
  208    56                22.4
  209   135                   9
  209   189                11.5
  209   128                20.5
  210   296                20.7
  210    55                25.6
  210   214                29.1
  211   205                 2.7
  211    80                14.1
  211   168                15.1
  212    50                10.2
  212   315                14.6
  212   157                24.7
  212    22                38.1
  213   383                 7.8
  213   386                 9.9
  213     4                25.1
  214   157                14.8
  214    79                16.9
  214   210                29.1
  215    54                15.6
  215   230                  19
  215   185                24.4
  215   337                26.2
  216   153                 7.5
  216    38                33.5
  217   263                10.1
  217   260                11.9
  217   259                13.5
  217    26                30.4
  218   271                 4.5
  218   243                13.6
  218   317                14.3
  219   324                   8
  219   361                12.3
  219   381                28.1
  220   290                 9.9
  220    59                17.9
  221   335                 1.9
  221   119                50.1
  222   139                12.6
  222   239                15.6
  222   244                25.3
  223   199                27.6
  223   105                31.3
  223    85                  57
  224   253                 7.1
  224    16                10.9
  225    28                 8.4
  225   132                19.9
  225     1                29.3
  225   378                52.2
  226   230                20.7
  226   233                23.5
  226   399                23.6
  227   261                 3.3
  227    93                19.9
  227   148                32.6
  228    26                 9.1
  228    34                16.6
  228    61                35.8
  229    56                 5.1
  229   174                 5.4
  229   127                10.5
  230   215                  19
  230   226                20.7
  230   103                20.7
  230   161                36.3
  231    70                 8.6
  231   260                16.3
  231   363                43.2
  232   366                11.7
  232   101                13.7
  232   338                21.5
  233   161                20.3
  233   226                23.5
  233   190                23.6
  233    47                28.8
  234   341                16.5
  234    96                  17
  234   309                22.5
  234   334                30.9
  235    47                 3.1
  235   292                 6.5
  235   115                24.2
  236   299                 8.5
  236   127                19.4
  236   274                20.6
  236    49                22.4
  237     4                14.9
  237   304                20.2
  237    82                25.9
  238   276                25.8
  238    98                33.3
  238   194                50.7
  239   222                15.6
  239    68                15.9
  239   350                21.9
  239   311                25.8
  240    15                11.6
  240    94                19.3
  241   297                 8.2
  241    63                  12
  241   180                  40
  242   302                 1.4
  242    53                 3.4
  242   396                25.7
  243     3                 1.3
  243   218                13.6
  243   283                  20
  243   248                21.7
  244   350                11.9
  244    28                15.8
  244   222                25.3
  245   281                 4.5
  245   273                10.1
  245   255                88.4
  246   101                13.1
  246   325                14.5
  246    30                14.7
  247   108                 6.3
  247   329                  14
  248   107                 7.8
  248   243                21.7
  249   111                 8.4
  249    41                11.6
  249   268                20.5
  250    63                12.3
  250    99                26.9
  251   134                24.9
  251    82                  26
  251     4                30.8
  251   102                36.7
  252    71                 8.8
  252    46                 9.8
  253   224                 7.1
  253    94                12.3
  253   151                19.9
  254    29                 7.7
  254    99                  13
  254   178                19.1
  254   133                  33
  255    63                16.5
  255   245                88.4
  256    83                 2.2
  256   322                13.7
  256   354                28.4
  257    14                  14
  257    30                17.3
  257   356                28.1
  258   152                 5.6
  258   277                 9.4
  258   362                12.1
  259   217                13.5
  259    34                31.6
  259   291                35.5
  260   217                11.9
  260   231                16.3
  260    96                23.2
  261   227                 3.3
  261    49                 7.6
  261   138                23.6
  262   394                10.1
  262    11                14.9
  262   318                15.4
  263   217                10.1
  263   361                26.5
  264    88                 1.8
  264    12                16.5
  265     5                 8.3
  265   113                 9.9
  265   290                14.1
  265   198                33.1
  266   178                15.6
  266   206                17.2
  266   186                27.7
  267   331                 9.7
  267   197                15.2
  268   249                20.5
  268   373                67.3
  269    90                13.5
  269    57                26.3
  269   300                  32
  270     7                15.1
  270     1                15.2
  270   185                17.4
  270   161                17.8
  271   218                 4.5
  271     3                11.5
  272   334                15.4
  272    32                17.9
  272   341                27.7
  273   245                10.1
  273   365                14.1
  273   370                  20
  274    72                 2.8
  274    12                  13
  274   236                20.6
  275   125                15.7
  275   183                19.2
  276   150                21.1
  276   238                25.8
  276   333                40.2
  276    51                50.4
  277   298                   8
  277   258                 9.4
  277   398                 9.5
  277   110                27.6
  278   326                 7.9
  278   176                18.4
  279   387                 8.9
  279   110                15.6
  279   188                15.8
  279   146                49.2
  280   343                18.8
  280   307                20.5
  280    22                22.5
  280   319                22.6
  281   245                 4.5
  281   162                13.2
  282    57                 9.7
  282   376                15.6
  282   197                50.4
  283   358                14.8
  283   243                  20
  283   305                23.4
  284   177                   4
  284   337                 4.1
  284   378                19.4
  285    92                 6.7
  285   381                 6.9
  285     9                 8.4
  285   345                15.7
  285    96                46.8
  286   326                   2
  286    61                 2.1
  286    26                32.2
  287   359                 2.8
  287    94                24.4
  287   145                42.4
  288   124                 4.9
  289    21                 7.3
  289    77                 9.2
  289   180                19.3
  290   220                 9.9
  290    31                12.3
  290   265                14.1
  291   330                23.2
  291    81                28.4
  291   259                35.5
  291   126                43.2
  292   399                 3.1
  292   235                 6.5
  292   124                  19
  293    42                16.7
  293   134                17.4
  294    62                13.5
  294   342                16.3
  294   163                16.8
  294   371                20.3
  295   308                19.3
  295    74                  22
  295   190                  23
  296   164                10.6
  296   210                20.7
  297   241                 8.2
  297   109                12.6
  297   393                22.2
  297   336                26.9
  298   277                   8
  298   167                12.8
  299   179                 7.1
  299   236                 8.5
  299    88                 8.6
  300   357                12.7
  300    51                17.5
  300    98                27.1
  300   269                  32
  301   348                 9.3
  301   107                13.8
  301   397                15.5
  302   242                 1.4
  302   346                18.4
  303   142                  12
  303    49                13.4
  303   127                15.4
  304   313                 7.7
  304   237                20.2
  304   201                41.9
  305   195                  22
  305   283                23.4
  305   333                33.5
  305   150                37.4
  306   123                 6.4
  306    66                  19
  307    78                14.7
  307   280                20.5
  308     7                   5
  308   295                19.3
  309   345                21.3
  309   234                22.5
  309    98                48.5
  310    50                 6.8
  310   154                13.7
  311   323                17.5
  311   139                23.5
  311   239                25.8
  312   140                 9.4
  312   143                12.8
  313   304                 7.7
  313   374                12.7
  313   344                22.8
  314   392                 5.6
  314   164                 7.8
  314    79                54.7
  315   212                14.6
  315    55                17.1
  316   371                17.5
  316   342                23.3
  317   218                14.3
  317     8                  18
  317   348                  19
  317   354                21.9
  318   262                15.4
  318    67                25.4
  318   160                28.7
  318   207                32.1
  319   102                11.9
  319   280                22.6
  319   358                39.5
  319   134                  50
  320   132                 9.9
  320   186                  32
  320   206                32.2
  321   146                 5.9
  321    64                 9.6
  321   147                14.7
  322   129                 6.7
  322   120                 8.2
  322   256                13.7
  322    42                24.2
  323   324                 4.7
  323   311                17.5
  323   196                28.2
  324   176                 3.2
  324   323                 4.7
  324   219                   8
  325   204                13.1
  325   246                14.5
  325    14                25.1
  325    38                28.5
  326   286                   2
  326   278                 7.9
  326   196                10.1
  327   115                25.2
  327   349                28.4
  328    77                12.1
  328   173                17.4
  328   178                34.6
  329    79                   7
  329   247                  14
  330    43                 7.4
  330    35                   9
  330   291                23.2
  331   189                 8.3
  331   267                 9.7
  331   135                13.9
  331    65                33.4
  331    57                72.3
  332   336                 1.7
  332   375                16.7
  333    59                29.8
  333   305                33.5
  333   276                40.2
  333    92                62.9
  334    95                 8.6
  334    10                12.2
  334   272                15.4
  334   234                30.9
  335   221                 1.9
  335    58                23.2
  335   391                28.8
  335   129                52.5
  336   332                 1.7
  336   169                26.4
  336   297                26.9
  337   284                 4.1
  337   215                26.2
  338   397                15.6
  338   232                21.5
  338   203                24.5
  339    31                 2.9
  339    19                   4
  340    91                 4.6
  340   398                13.5
  340    52                15.1
  340   152                15.4
  341   234                16.5
  341   272                27.7
  341    70                  30
  342   192                11.3
  342   294                16.3
  342   316                23.3
  343   280                18.8
  343   368                  20
  343    50                21.7
  344   313                22.8
  344   100                27.4
  344    84                28.9
  345   194                 2.4
  345   285                15.7
  345   309                21.3
  346   302                18.4
  346    27                22.5
  346   141                27.5
  347    56                26.1
  347    22                29.5
  348   301                 9.3
  348    18                12.9
  348   317                  19
  349    67                19.8
  349   327                28.4
  349   170                31.2
  350   244                11.9
  350   239                21.9
  350   364                25.1
  350    89                25.2
  351   167                 3.4
  351    71                 9.9
  352    24                   8
  352    62                25.5
  352    87                  27
  353    68                16.6
  353   144                26.7
  353   381                31.3
  354   134                19.2
  354   317                21.9
  354   256                28.4
  355     0                 8.2
  355    60                 8.9
  356    51                20.5
  356   257                28.1
  356   395                  44
  357   300                12.7
  357    90                20.5
  357    14                38.5
  358    13                 7.9
  358    37                10.8
  358   283                14.8
  358   319                39.5
  359   287                 2.8
  359    16                 5.1
  360   122                 6.7
  360    20                12.1
  361   219                12.3
  361     9                17.6
  361   263                26.5
  362   188                 6.2
  362   258                12.1
  362   369                12.3
  363    81                 3.1
  363   377                 4.8
  363   231                43.2
  364   191                10.1
  364   350                25.1
  364   113                33.2
  365    54                11.5
  365   273                14.1
  365   133                  39
  366   232                11.7
  366    30                17.8
  367   154                10.7
  367   157                15.9
  367    85                33.2
  367   386                39.4
  368   172                 9.1
  368   154                16.8
  368   343                  20
  369   384                10.5
  369   362                12.3
  369    52                  27
  369   138                32.3
  370   273                  20
  370    99                57.5
  371   373                13.3
  371   316                17.5
  371   294                20.3
  372    85                22.8
  372   100                24.9
  372   199                46.9
  373   371                13.3
  373   163                15.1
  373   374                19.7
  373   268                67.3
  374   313                12.7
  374   373                19.7
  374   114                20.1
  375   393                12.4
  375   193                16.6
  375   332                16.7
  376   282                15.6
  376   183                26.7
  377   363                 4.8
  377    23                15.6
  377   106                23.5
  378   206                16.8
  378   284                19.4
  378   133                21.9
  378   225                52.2
  379    43                 5.8
  379    35                 7.4
  379     2                12.4
  380   192                 2.9
  380    62                 5.8
  380   121                 8.5
  381   285                 6.9
  381   219                28.1
  381   353                31.3
  382    75                 6.8
  382   151                 8.1
  382    94                24.7
  383   213                 7.8
  383   172                12.7
  384   171                 2.4
  384   369                10.5
  384    72                22.9
  385     6                17.9
  385   128                21.4
  385   155                25.1
  386   213                 9.9
  386   100                12.6
  386   367                39.4
  387   392                   6
  387   279                 8.9
  388   126                31.2
  388   187                35.7
  388   166                38.1
  389   139                 8.6
  389    74                13.5
  389     7                27.3
  389    28                39.9
  390   153                26.8
  390     6                  34
  390   156                  43
  391   101                22.1
  391   203                25.6
  391   335                28.8
  392   314                 5.6
  392   387                   6
  392   108                61.1
  393    53                  12
  393   375                12.4
  393   297                22.2
  394   262                10.1
  394    35                  15
  395   150                12.1
  395   107                12.9
  395   356                  44
  396   193                10.7
  396    27                11.6
  396   242                25.7
  396   145                29.6
  397    18                10.5
  397   301                15.5
  397   338                15.6
  398   277                 9.5
  398   340                13.5
  398     0                16.5
  398   151                24.5
  399   292                 3.1
  399    47                 8.4
  399   226                23.6
