1140
    0   175                 7.6
    0   356                19.4
    0   228                32.6
    0    73                42.4
    1   347                 9.6
    1   275                10.9
    1   336                14.2
    2   335                 9.1
    2    86                21.2
    2   238                23.5
    3   239                16.1
    3   317                  18
    3   318                20.2
    4   127                 8.6
    4   322                22.3
    4    74                24.4
    5   180                 6.3
    5   299                  30
    6   309                 6.3
    6   247                14.6
    6    50                27.5
    7    73                  23
    7   387                26.2
    7   151                43.3
    8   180                 5.5
    8    93                   7
    9   258                  21
    9   375                24.6
    9   395                25.3
   10    59                 5.4
   10    47                14.8
   11   345                 2.8
   11   306                12.2
   12    79                 5.1
   12   338                21.6
   12    64                22.4
   12   209                34.8
   13   294                10.2
   13   156                17.4
   13   173                20.4
   13    88                38.6
   14   298                15.9
   14   368                22.1
   14   200                22.2
   15    84                16.8
   15    85                21.1
   16    18                   6
   16   305                24.5
   17   385                 5.6
   17   227                 6.7
   17   221                  16
   18    16                   6
   18   182                  27
   18   202                89.9
   19    79                 3.8
   19   327                10.3
   20   139                 5.9
   20   145                  10
   20   285                18.2
   21    24                13.3
   21   154                17.8
   21   155                30.3
   22   371                 2.7
   22   308                 9.9
   22   394                24.9
   23   226                 8.6
   23   142                13.9
   24   235                 4.5
   24    21                13.3
   24   360                43.7
   25   108                11.3
   25   227                13.1
   25   243                25.8
   26   156                16.5
   26   366                17.3
   26    96                26.9
   27   355                 4.6
   27   293                 9.3
   27   140                43.8
   28   250                15.3
   28   144                17.4
   28    43                32.4
   28   287                36.1
   29   178                 6.2
   29    39                 8.9
   29   159                25.3
   30   174                 7.7
   30   244                   9
   30    82                12.1
   31   185                 5.2
   31   288                10.3
   32    89                12.2
   32   331                18.9
   32   138                44.1
   33   157                 7.9
   33    95                22.5
   33    90                26.9
   34   192                 2.8
   34   140                12.9
   34    74                35.4
   34   355                49.5
   35   143                16.1
   35   323                34.1
   35   160                36.3
   36   295                  32
   36    66                  46
   36   283                64.3
   37    76                   9
   37   292                   9
   37   181                32.7
   38   337                15.5
   38    60                24.9
   38   377                25.7
   39   300                 8.5
   39    29                 8.9
   39   349                  21
   40   286                 7.8
   40   264                13.6
   40   159                49.7
   41   200                 6.4
   41   253                  19
   41   205                20.1
   42   120                19.6
   42   252                  20
   42   364                35.2
   43   268                12.8
   43   288                20.7
   43    28                32.4
   43   339                89.6
   44   137                   4
   44   138                  11
   45   296                 1.4
   45   125                  19
   45   365                25.6
   46   128                 2.3
   46   189                18.5
   47    10                14.8
   47   372                28.4
   48   157                42.3
   48   114                 104
   49   242                24.2
   49   237                27.6
   49   204                  42
   50     6                27.5
   51   191                13.1
   51   319                14.6
   51   121                29.6
   52   169                14.4
   52   135                19.2
   52   251                25.5
   52   311                28.1
   53   186                17.9
   53   109                24.2
   53    91                34.5
   54   181                   3
   54   222                13.9
   55    79                10.3
   55   312                17.1
   56   390                 4.7
   56    87                16.2
   56   235                29.4
   57   322                27.3
   57    89                30.4
   58    61                16.2
   58   393                18.6
   59    10                 5.4
   59   231                  15
   59   377                19.2
   59   370                24.3
   60   218                13.6
   60   370                17.3
   60    38                24.9
   61   314                11.4
   61    58                16.2
   61   136                23.2
   62    99                 5.2
   62   155                16.7
   62   204                  28
   63   133                  12
   63   168                14.7
   64   229                20.3
   64    12                22.4
   64   228                25.7
   65   389                18.7
   65   304                  24
   66   269                13.9
   66   125                14.4
   66   194                25.3
   66    36                  46
   67   333                 8.6
   67   195                  18
   67   177                33.7
   68   365                16.7
   68   125                25.2
   68   122                34.6
   69   350                15.6
   69   334                29.4
   69   205                35.2
   70   153                15.3
   70   149                20.1
   71   204                21.2
   71   155                24.4
   71   372                33.1
   72   128                 3.7
   72   347                16.3
   72   145                25.9
   73   376                18.2
   73     7                  23
   73   210                26.9
   73     0                42.4
   74   201                12.3
   74     4                24.4
   74    34                35.4
   75   117                 8.2
   75   270                29.3
   75   392                52.6
   76   159                 7.9
   76    37                   9
   77   207                 3.8
   77   178                 7.1
   78   118                 7.8
   78   220                  11
   78   297                11.7
   79    19                 3.8
   79    12                 5.1
   79    55                10.3
   80   110                 1.8
   80   321                19.9
   80   303                26.2
   81   147                 9.5
   81   209                14.1
   81   248                25.8
   82    30                12.1
   83   333                  13
   83   195                19.8
   83   329                25.3
   83    92                25.6
   84   371                 9.2
   84    15                16.8
   84   314                50.7
   84   141                  54
   85   397                 8.4
   85   119                11.6
   85    15                21.1
   86     2                21.2
   86   324                25.1
   86   376                28.5
   87    99                 6.8
   87    56                16.2
   88   215                 9.7
   88   332                 9.8
   88   369                35.1
   88    13                38.6
   89    32                12.2
   89    57                30.4
   89   398                39.6
   90   359                10.2
   90   310                12.5
   90    33                26.9
   91   290                  17
   91   158                19.7
   91    53                34.5
   92   149                22.2
   92   305                24.2
   92    83                25.6
   93     8                   7
   93    98                13.1
   93   330                13.6
   94   320                 6.8
   94   215                12.9
   94   192                17.3
   94   201                40.2
   95   166                15.7
   95    33                22.5
   96   294                14.6
   96   240                19.9
   96    26                26.9
   96   276                34.6
   97   173                14.5
   97   346                14.7
   97   216                17.6
   97   294                  28
   98   187                  13
   98    93                13.1
   99    62                 5.2
   99    87                 6.8
   99   197                  22
  100   382                   9
  100   219                13.8
  100   142                16.8
  101   231                 8.1
  101   241                19.6
  102   207                 3.1
  102   341                12.3
  102   161                16.7
  103   352                10.8
  103   285                11.5
  103   145                  13
  104   349                  18
  104   357                18.4
  104   316                  26
  104   208                29.7
  105   378                10.2
  106   306                 4.1
  106   387                11.3
  106   158                13.1
  107   218                18.2
  107   250                19.2
  107   344                61.9
  108    25                11.3
  108   221                15.9
  108   293                31.1
  108   361                36.2
  109   168                  11
  109    53                24.2
  110    80                 1.8
  110   356                17.2
  110   228                25.7
  111   361                17.3
  111   293                19.6
  112   316                11.7
  112   146                31.8
  113   133                 2.9
  113   281                13.5
  113   125                28.5
  114   209                28.4
  114   338                  33
  114    48                 104
  115   301                10.3
  115   232                11.7
  116   328                13.1
  116   247                25.3
  116   138                26.7
  117    75                 8.2
  117   237                14.6
  117   342                23.4
  118    78                 7.8
  118   277                12.6
  119   380                11.3
  119    85                11.6
  119   308                41.5
  120   152                 5.1
  120    42                19.6
  120   126                29.4
  121   208                11.6
  121   312                  15
  121   147                17.8
  121    51                29.6
  122   220                20.2
  122   281                29.7
  122    68                34.6
  122   290                  40
  123   171                 9.9
  123   358                10.6
  123   259                15.9
  123   353                22.4
  124   290                 3.3
  124   358                10.3
  124   259                15.8
  125    66                14.4
  125    45                  19
  125    68                25.2
  125   113                28.5
  126   391                22.1
  126   354                26.8
  126   120                29.4
  127     4                 8.6
  127   190                  16
  128    46                 2.3
  128    72                 3.7
  128   317                27.8
  129   157                 5.6
  129   330                19.3
  129   187                21.5
  130   243                11.3
  130   332                24.5
  130   227                29.3
  130   354                30.6
  131   153                 9.5
  131   329                23.1
  131   368                27.3
  132   233                12.8
  132   240                17.4
  133   113                 2.9
  133    63                  12
  133   269                  15
  134   217                 3.8
  134   270                   6
  135   206                 8.5
  135    52                19.2
  136   300                 6.4
  136    61                23.2
  136   393                26.3
  137   271                 2.6
  137   351                 2.8
  137    44                   4
  137   288                29.6
  138    44                  11
  138   116                26.7
  138   276                30.8
  138    32                44.1
  139   386                 1.5
  139    20                 5.9
  140   243                 5.5
  140    34                12.9
  140    27                43.8
  141   210                 2.7
  141   164                24.9
  141    84                  54
  142    23                13.9
  142   100                16.8
  142   197                21.7
  143   274                 1.7
  143    35                16.1
  144   302                 1.4
  144   233                 3.7
  144    28                17.4
  144   383                31.1
  145    20                  10
  145   103                  13
  145    72                25.9
  146   246                13.4
  146   161                17.8
  146   112                31.8
  147    81                 9.5
  147   121                17.8
  147   163                25.2
  148   384                10.3
  148   201                11.2
  148   322                12.1
  148   263                15.6
  149   329                14.3
  149    70                20.1
  149    92                22.2
  150   256                 9.6
  150   326                10.3
  150   367                21.3
  151   230                 4.5
  151   380                21.9
  151   397                31.2
  151     7                43.3
  152   120                 5.1
  152   170                20.7
  152   171                23.8
  153   131                 9.5
  153    70                15.3
  153   160                32.6
  154   396                16.2
  154    21                17.8
  154   372                  59
  155    62                16.7
  155    71                24.4
  155    21                30.3
  156   363                 6.5
  156    26                16.5
  156    13                17.4
  157   129                 5.6
  157    33                 7.9
  157    48                42.3
  158   106                13.1
  158   259                18.8
  158    91                19.7
  159    76                 7.9
  159   341                14.4
  159    29                25.3
  159    40                49.7
  160   153                32.6
  160    35                36.3
  161   336                12.2
  161   102                16.7
  161   146                17.8
  162   396                13.5
  162   213                17.8
  162   260                41.5
  163   203                   5
  163   191                12.7
  163   147                25.2
  164   321                10.1
  164   356                19.9
  164   141                24.9
  165   264                 6.2
  165   181                17.1
  165   333                37.8
  166   359                 9.2
  166    95                15.7
  166   236                16.1
  167   226                 9.3
  167   334                14.2
  167   381                26.4
  168   109                  11
  168    63                14.7
  168   281                  17
  168   283                27.1
  169    52                14.4
  169   324                20.2
  169   238                29.4
  170   252                 8.2
  170   193                16.3
  170   152                20.7
  171   123                 9.9
  171   152                23.8
  172   399                 6.9
  172   235                  23
  172   308                26.6
  173    97                14.5
  173    13                20.4
  174    30                 7.7
  174   325                10.6
  174   232                14.3
  175     0                 7.6
  175   335                12.8
  176   365                14.4
  176   265                29.3
  177   234                 4.3
  177   284                26.4
  177    67                33.7
  178    29                 6.2
  178    77                 7.1
  178   316                39.3
  179   197                17.2
  179   204                17.8
  179   334                23.4
  179   350                29.2
  180     8                 5.5
  180     5                 6.3
  180   239                12.3
  181    54                   3
  181   165                17.1
  181    37                32.7
  182   386                17.7
  182   222                18.5
  182   305                21.1
  182    18                  27
  183   233                  14
  183   351                16.6
  183   188                18.9
  184   297                   2
  184   353                 2.5
  184   277                13.2
  185    31                 5.2
  186   311                14.6
  186   324                  16
  186    53                17.9
  187    98                  13
  187   129                21.5
  188   276                 3.8
  188   257                13.9
  188   183                18.9
  189   318                   3
  189   299                 8.6
  189    46                18.5
  190   127                  16
  190   355                  32
  191   163                12.7
  191    51                13.1
  191   310                18.5
  191   317                56.4
  192    34                 2.8
  192    94                17.3
  193   345                 5.4
  193   170                16.3
  194   296                 7.1
  194    66                25.3
  194   315                50.7
  195   211                15.5
  195    67                  18
  195    83                19.8
  195   224                22.3
  196   219                 5.1
  196   390                20.1
  197   179                17.2
  197   142                21.7
  197    99                  22
  198   315                 4.8
  199   253                 4.9
  199   342                14.1
  200    41                 6.4
  200   362                11.6
  200    14                22.2
  201   148                11.2
  201    74                12.3
  201    94                40.2
  202   299                 2.3
  202    18                89.9
  203   163                   5
  203   359                13.8
  203   248                27.1
  204   179                17.8
  204    71                21.2
  204    62                  28
  204    49                  42
  205   298                10.8
  205    41                20.1
  205    69                35.2
  206   135                 8.5
  207   102                 3.1
  207    77                 3.8
  208   255                11.4
  208   121                11.6
  208   104                29.7
  208   319                31.6
  209    81                14.1
  209   312                16.3
  209   114                28.4
  209    12                34.8
  210   141                 2.7
  210    73                26.9
  210   378                28.7
  211   195                15.5
  211   381                27.7
  211   329                28.7
  212   326                11.3
  212   394                11.9
  212   374                14.6
  213   162                17.8
  213   364                  22
  213   291                32.7
  214   287                11.8
  214   225                17.6
  214   346                30.3
  215    88                 9.7
  215    94                12.9
  215   243                29.3
  216   260                 8.2
  216    97                17.6
  217   134                 3.8
  218    60                13.6
  218   107                18.2
  218   392                42.9
  219   196                 5.1
  219   100                13.8
  219   261                28.7
  220    78                  11
  220   389                14.1
  220   122                20.2
  220   221                46.2
  221   278                11.3
  221   108                15.9
  221    17                  16
  221   220                46.2
  222    54                13.9
  222   182                18.5
  223   354                 6.4
  223   245                25.3
  224   284                 5.7
  224   195                22.3
  225   272                   8
  225   214                17.6
  225   250                26.4
  226    23                 8.6
  226   167                 9.3
  227    17                 6.7
  227    25                13.1
  227   130                29.3
  228   343                17.7
  228   110                25.7
  228    64                25.7
  228     0                32.6
  229    64                20.3
  229   335                55.4
  230   151                 4.5
  230   252                10.8
  231   101                 8.1
  231    59                  15
  231   346                  17
  232   115                11.7
  232   174                14.3
  232   395                25.5
  232   340                25.7
  233   144                 3.7
  233   132                12.8
  233   183                  14
  234   177                 4.3
  234   382                  12
  234   264                27.4
  235    24                 4.5
  235   172                  23
  235    56                29.4
  235   380                57.5
  236   248                 6.1
  236   166                16.1
  237   350                 8.3
  237   117                14.6
  237    49                27.6
  238   251                23.2
  238     2                23.5
  238   169                29.4
  239   180                12.3
  239   330                12.8
  239     3                16.1
  240   383                 1.3
  240   132                17.4
  240   257                18.2
  240    96                19.9
  241   272                 1.8
  241   370                15.7
  241   101                19.6
  242   337                11.3
  242    49                24.2
  242   392                25.5
  242   372                45.3
  243   140                 5.5
  243   130                11.3
  243    25                25.8
  243   215                29.3
  244   313                 5.2
  244   325                 6.7
  244    30                   9
  244   344                84.6
  245   385                 2.6
  245   353                23.9
  245   223                25.3
  246   275                 0.6
  246   146                13.4
  247   331                13.6
  247     6                14.6
  247   116                25.3
  248   236                 6.1
  248    81                25.8
  248   203                27.1
  249   313                  37
  249   339                48.1
  250    28                15.3
  250   107                19.2
  250   225                26.4
  251   238                23.2
  251    52                25.5
  252   170                 8.2
  252   230                10.8
  252    42                  20
  253   199                 4.9
  253   301                 7.2
  253    41                  19
  253   270                31.1
  254   394                 5.5
  254   326                14.5
  254   393                14.9
  255   208                11.4
  255   312                17.3
  255   379                19.9
  256   150                 9.6
  256   261                15.7
  256   262                22.9
  257   188                13.9
  257   240                18.2
  258   323                   8
  258   280                16.2
  258     9                  21
  259   124                15.8
  259   123                15.9
  259   158                18.8
  260   216                 8.2
  260   291                  20
  260   162                41.5
  261   286                 4.7
  261   256                15.7
  261   219                28.7
  262   393                18.7
  262   256                22.9
  262   300                  23
  263   366                 9.2
  263   148                15.6
  264   165                 6.2
  264    40                13.6
  264   234                27.4
  265   304                23.1
  265   176                29.3
  266   298                13.7
  266   381                16.1
  267   282                 9.9
  267   274                  11
  268    43                12.8
  269    66                13.9
  269   133                  15
  270   134                   6
  270    75                29.3
  270   253                31.1
  271   137                 2.6
  272   241                 1.8
  272   225                   8
  273   375                   5
  273   280                 9.6
  274   143                 1.7
  274   267                  11
  275   246                 0.6
  275   317                 7.3
  275     1                10.9
  276   188                 3.8
  276   348                  12
  276   138                30.8
  276    96                34.6
  277   358                10.3
  277   118                12.6
  277   184                13.2
  278   221                11.3
  278   304                20.2
  279   363                  12
  279   320                13.7
  280   273                 9.6
  280   282                13.7
  280   258                16.2
  281   113                13.5
  281   168                  17
  281   122                29.7
  282   267                 9.9
  282   280                13.7
  283   311                16.9
  283   168                27.1
  283    36                64.3
  284   224                 5.7
  284   177                26.4
  285   307                10.8
  285   103                11.5
  285    20                18.2
  286   261                 4.7
  286    40                 7.8
  286   382                23.2
  287   383                   6
  287   214                11.8
  287    28                36.1
  288    31                10.3
  288    43                20.7
  288   137                29.6
  289   340                 7.7
  290   124                 3.3
  290    91                  17
  290   122                  40
  291   369                 7.2
  291   260                  20
  291   391                20.6
  291   213                32.7
  292    37                   9
  292   352                15.7
  292   341                17.4
  293    27                 9.3
  293   111                19.6
  293   108                31.1
  294    13                10.2
  294    96                14.6
  294    97                  28
  295   315                 6.8
  295    36                  32
  296    45                 1.4
  296   194                 7.1
  297   184                   2
  297    78                11.7
  298   205                10.8
  298   266                13.7
  298    14                15.9
  299   202                 2.3
  299   189                 8.6
  299     5                  30
  300   136                 6.4
  300    39                 8.5
  300   262                  23
  301   253                 7.2
  301   115                10.3
  301   362                16.1
  302   144                 1.4
  303   327                 9.1
  303   379                18.2
  303    80                26.2
  304   361                17.8
  304   278                20.2
  304   265                23.1
  304    65                  24
  305   182                21.1
  305    92                24.2
  305    16                24.5
  305   333                32.8
  306   106                 4.1
  306    11                12.2
  307   285                10.8
  307   386                12.1
  308    22                 9.9
  308   172                26.6
  308   119                41.5
  309     6                 6.3
  309   331                16.4
  310    90                12.5
  310   191                18.5
  310   330                25.2
  311   186                14.6
  311   283                16.9
  311    52                28.1
  312   121                  15
  312   209                16.3
  312    55                17.1
  312   255                17.3
  313   244                 5.2
  313   395                30.8
  313   249                  37
  314    61                11.4
  314   357                15.2
  314    84                50.7
  314   321                51.3
  315   198                 4.8
  315   295                 6.8
  315   194                50.7
  316   319                 7.9
  316   112                11.7
  316   104                  26
  316   178                39.3
  317   275                 7.3
  317     3                  18
  317   128                27.8
  317   191                56.4
  318   189                   3
  318     3                20.2
  319   316                 7.9
  319    51                14.6
  319   208                31.6
  320    94                 6.8
  320   279                13.7
  321   164                10.1
  321    80                19.9
  321   314                51.3
  322   148                12.1
  322     4                22.3
  322    57                27.3
  323   258                   8
  323    35                34.1
  324   186                  16
  324   169                20.2
  324    86                25.1
  325   244                 6.7
  325   174                10.6
  326   150                10.3
  326   212                11.3
  326   254                14.5
  327   343                 2.3
  327   303                 9.1
  327    19                10.3
  328   116                13.1
  329   149                14.3
  329   131                23.1
  329    83                25.3
  329   211                28.7
  330   239                12.8
  330    93                13.6
  330   129                19.3
  330   310                25.2
  331   247                13.6
  331   309                16.4
  331    32                18.9
  332    88                 9.8
  332   130                24.5
  332   391                  29
  333    67                 8.6
  333    83                  13
  333   305                32.8
  333   165                37.8
  334   167                14.2
  334   179                23.4
  334    69                29.4
  335     2                 9.1
  335   175                12.8
  335   229                55.4
  336   161                12.2
  336     1                14.2
  336   341                18.9
  337   242                11.3
  337    38                15.5
  338    12                21.6
  338   114                  33
  339   344                10.7
  339   249                48.1
  339    43                89.6
  340   362                 3.7
  340   289                 7.7
  340   232                25.7
  341   102                12.3
  341   159                14.4
  341   292                17.4
  341   336                18.9
  342   199                14.1
  342   117                23.4
  343   327                 2.3
  343   228                17.7
  344   339                10.7
  344   392                39.7
  344   107                61.9
  344   244                84.6
  345    11                 2.8
  345   193                 5.4
  346    97                14.7
  346   231                  17
  346   214                30.3
  347     1                 9.6
  347   352                15.7
  347    72                16.3
  348   398                 9.2
  348   276                  12
  349   104                  18
  349    39                  21
  350   237                 8.3
  350    69                15.6
  350   179                29.2
  351   137                 2.8
  351   183                16.6
  352   103                10.8
  352   347                15.7
  352   292                15.7
  353   184                 2.5
  353   123                22.4
  353   245                23.9
  354   223                 6.4
  354   126                26.8
  354   130                30.6
  355    27                 4.6
  355   190                  32
  355    34                49.5
  356   110                17.2
  356     0                19.4
  356   164                19.9
  357   388                 7.1
  357   314                15.2
  357   104                18.4
  358   277                10.3
  358   124                10.3
  358   123                10.6
  359   166                 9.2
  359    90                10.2
  359   203                13.8
  360   364                11.6
  360   396                18.5
  360    24                43.7
  361   111                17.3
  361   304                17.8
  361   108                36.2
  362   340                 3.7
  362   200                11.6
  362   301                16.1
  363   156                 6.5
  363   279                  12
  363   384                22.8
  364   360                11.6
  364   380                19.4
  364   213                  22
  364    42                35.2
  365   176                14.4
  365    68                16.7
  365   373                17.4
  365    45                25.6
  366   263                 9.2
  366   398                17.2
  366    26                17.3
  367   374                 4.7
  367   150                21.3
  367   390                  23
  368    14                22.1
  368   131                27.3
  369   291                 7.2
  369    88                35.1
  370   241                15.7
  370    60                17.3
  370    59                24.3
  371    22                 2.7
  371    84                 9.2
  372   377                11.6
  372    47                28.4
  372    71                33.1
  372   242                45.3
  372   154                  59
  373   365                17.4
  374   367                 4.7
  374   399                   8
  374   212                14.6
  375   273                   5
  375     9                24.6
  376    73                18.2
  376    86                28.5
  376   387                  32
  377   372                11.6
  377    59                19.2
  377    38                25.7
  378   397                 8.3
  378   105                10.2
  378   210                28.7
  379   303                18.2
  379   255                19.9
  379   388                30.1
  380   119                11.3
  380   364                19.4
  380   151                21.9
  380   235                57.5
  381   266                16.1
  381   167                26.4
  381   211                27.7
  382   100                   9
  382   234                  12
  382   286                23.2
  383   240                 1.3
  383   287                   6
  383   144                31.1
  384   148                10.3
  384   363                22.8
  385   245                 2.6
  385    17                 5.6
  386   139                 1.5
  386   307                12.1
  386   182                17.7
  387   106                11.3
  387     7                26.2
  387   376                  32
  388   357                 7.1
  388   379                30.1
  389   220                14.1
  389    65                18.7
  390    56                 4.7
  390   196                20.1
  390   367                  23
  391   291                20.6
  391   126                22.1
  391   332                  29
  392   242                25.5
  392   344                39.7
  392   218                42.9
  392    75                52.6
  393   254                14.9
  393    58                18.6
  393   262                18.7
  393   136                26.3
  394   254                 5.5
  394   212                11.9
  394    22                24.9
  395     9                25.3
  395   232                25.5
  395   313                30.8
  396   162                13.5
  396   154                16.2
  396   360                18.5
  397   378                 8.3
  397    85                 8.4
  397   151                31.2
  398   348                 9.2
  398   366                17.2
  398    89                39.6
  399   172                 6.9
  399   374                   8
