1158
    0   112                 1.9
    1   146                 2.2
    1   131                 8.9
    1   126                36.6
    2   223                10.7
    2   101                22.4
    3    56                   9
    3   336                21.5
    3    32                29.5
    4   227                16.2
    4   248                24.1
    4   296                27.8
    4     5                39.5
    5   350                 4.7
    5    38                 7.1
    5   177                31.4
    5     4                39.5
    6   250                  18
    6   287                22.7
    6   284                29.8
    7   147                 3.2
    7    26                 9.2
    8   317                12.8
    8   353                15.6
    8   202                18.5
    9   273                  13
    9   114                16.9
    9    13                20.6
   10   233                11.2
   10   339                20.3
   10   164                23.1
   11   124                 2.3
   11   189                17.5
   11    32                21.4
   12   235                16.1
   12   195                19.5
   13   349                 7.4
   13   321                15.3
   13   328                18.2
   13     9                20.6
   14    74                 6.6
   14   115                31.5
   14   294                77.9
   15   273                   5
   15   148                12.3
   15   139                31.6
   16   208                 0.9
   16   338                18.6
   17   245                10.4
   17   399                11.5
   17   393                13.8
   17   257                15.5
   18    79                 6.2
   18   352                10.4
   18   399                  11
   19   184                10.8
   19   333                19.7
   19   260                21.4
   20   289                 8.3
   20   259                10.3
   21   253                 8.5
   21   132                 8.6
   21    43                   9
   22   258                17.1
   22    54                27.9
   23   342                 8.3
   23   304                23.4
   23    91                32.6
   24   193                 3.7
   24    66                11.4
   24    76                19.1
   25   174                 8.8
   25   206                13.8
   25   335                17.9
   26     7                 9.2
   26   247                11.3
   26   297                18.4
   26   108                21.4
   27   220                20.9
   27   280                21.7
   27   209                32.3
   28    71                19.1
   28   357                19.5
   28   346                33.3
   29   150                 5.2
   29   130                29.5
   29   255                30.1
   30   157                10.6
   30    33                12.5
   30    59                26.3
   31   276                 7.5
   31   341                10.1
   31   328                27.7
   32    98                13.5
   32    11                21.4
   32     3                29.5
   33   212                 9.7
   33    30                12.5
   33   110                  29
   34    91                 3.8
   34    48                 9.2
   35   104                 6.1
   35   219                24.5
   36   395                15.7
   36    68                20.2
   36   286                36.4
   37   369                11.1
   37   363                23.8
   37   235                51.8
   38     5                 7.1
   38   307                 8.7
   39   228                   7
   39   158                25.3
   39   216                29.1
   40   244                 2.5
   40   246                21.4
   40   399                24.5
   41   299                10.5
   41   136                16.7
   41    73                  18
   42   262                19.1
   42   265                37.4
   42   326                40.3
   42   319                45.8
   43    21                   9
   43   235                  13
   44   293                 8.1
   44   301                25.4
   44   209                30.7
   45   222                15.6
   45   348                17.3
   45   182                19.7
   46   256                 1.8
   46   213                 9.9
   47   360                 2.4
   47   207                10.4
   48    34                 9.2
   48   334                25.2
   49   111                25.9
   49   143                30.8
   50    69                 8.3
   50   261                15.1
   50   140                36.8
   51    87                   5
   51   315                17.9
   51   376                18.1
   52   367                10.7
   52   237                15.9
   52   147                  23
   53   120                19.9
   53   194                21.9
   53    67                  24
   54   166                24.5
   54    22                27.9
   54   156                33.7
   55   390                 9.3
   55   314                19.8
   55    74                36.4
   56   373                 4.3
   56     3                   9
   57   372                15.5
   57   262                20.1
   58   115                23.3
   58   372                31.5
   59    78                 8.8
   59   162                19.8
   59    30                26.3
   60   222                 7.3
   60   100                17.1
   60   170                  46
   61   238                 9.4
   61   333                20.6
   61    98                34.8
   62   153                 7.3
   62   186                10.8
   62   202                12.7
   63   387                   9
   63   216                21.6
   63    80                26.6
   64   398                 3.7
   64    72                11.8
   64   192                  13
   65   136                 2.9
   65   289                 4.8
   65   109                31.8
   66    24                11.4
   66   209                25.8
   66   280                41.4
   67    53                  24
   67   101                25.3
   68   348                   7
   68   289                18.9
   68    36                20.2
   69    50                 8.3
   69   240                19.2
   69   148                26.8
   70   361                12.8
   70   343                23.8
   70   332                28.3
   71    28                19.1
   71   115                24.1
   71   171                24.7
   72    64                11.8
   72   392                12.7
   72    99                  17
   73    41                  18
   73    83                18.3
   73   369                36.4
   74    14                 6.6
   74   388                 8.3
   74    55                36.4
   75   324                 2.3
   75    97                10.3
   76   226                 4.3
   76    24                19.1
   77    82                 4.8
   77   275                28.1
   78    59                 8.8
   78   342                 9.8
   78   104                12.7
   79    18                 6.2
   79   244                30.9
   79   327                45.7
   80   174                16.6
   80    63                26.6
   80   159                28.1
   81   149                  11
   81   139                14.8
   81   128                  24
   82    77                 4.8
   82   326                14.6
   82   372                20.8
   83   112                   2
   83    73                18.3
   84   135                17.5
   84   301                18.4
   84   130                36.1
   85   378                 8.6
   85   385                  21
   85   257                22.8
   86   284                11.3
   86   123                12.6
   86   272                15.4
   87    51                   5
   87   186                23.2
   88    90                14.7
   88   346                16.2
   88   239                27.5
   88   200                31.8
   89   304                 2.3
   89   162                14.2
   90   322                 2.9
   90    88                14.7
   90   324                24.8
   91    34                 3.8
   91   263                   6
   91    23                32.6
   92   339                13.7
   92   175                17.1
   92   231                19.2
   92   119                54.5
   93   232                30.8
   94   255                11.2
   94   388                15.1
   94   390                25.8
   95   317                  12
   95   252                20.3
   95   315                32.4
   96   165                 1.4
   96   274                 5.4
   96   126                27.3
   97    75                10.3
   97   290                15.6
   97   337                26.5
   98    32                13.5
   98   347                22.8
   98    61                34.8
   99   257                14.5
   99   245                16.3
   99   384                16.5
   99    72                  17
  100   323                 5.2
  100    60                17.1
  101   194                21.4
  101     2                22.4
  101    67                25.3
  102   208                 7.3
  102   210                 7.4
  102   185                18.3
  103   116                  30
  103   381                44.4
  103   344                53.7
  104    35                 6.1
  104    78                12.7
  104   110                  35
  105   377                 6.7
  105   390                17.8
  105   293                43.3
  106   216                 7.7
  106   239                10.1
  106   159                29.2
  107   391                11.5
  107   135                16.8
  108   242                19.1
  108    26                21.4
  109   360                19.9
  109   141                20.4
  109   112                21.5
  109    65                31.8
  110   271                11.7
  110    33                  29
  110   104                  35
  110   186                53.3
  111   133                 6.7
  111   283                23.1
  111    49                25.9
  112     0                 1.9
  112    83                   2
  112   109                21.5
  113   123                 8.8
  113   161                 9.9
  113   196                23.8
  113   207                42.2
  114   233                10.7
  114     9                16.9
  115    58                23.3
  115    71                24.1
  115    14                31.5
  115   275                34.8
  116   174                20.4
  116   335                23.1
  116   103                  30
  116   387                47.9
  117   239                 5.2
  117   351                 5.6
  117   216                 9.3
  117   228                31.1
  118   236                15.1
  118   181                16.9
  119   345                21.2
  119   358                25.9
  119   234                39.9
  119    92                54.5
  120    53                19.9
  121   255                11.2
  121   256                15.3
  121   218                20.2
  121   215                24.7
  122   306                  19
  122   192                19.8
  122   246                24.5
  123   113                 8.8
  123    86                12.6
  123   250                  28
  124    11                 2.3
  124   298                   8
  125   240                12.1
  125   199                18.9
  126   204                 3.7
  126    96                27.3
  126     1                36.6
  127   344                10.8
  127   296                19.4
  127   179                19.7
  127   232                21.2
  128   189                18.4
  128    81                  24
  128   368                28.8
  129   355                15.7
  129   223                16.5
  129   325                38.2
  130   377                12.7
  130    29                29.5
  130    84                36.1
  131   375                   8
  131     1                 8.9
  131   214                20.5
  132   143                 3.9
  132    21                 8.6
  132   369                38.3
  133   366                 1.3
  133   111                 6.7
  134   238                12.6
  134   286                12.9
  134   347                  24
  135   107                16.8
  135    84                17.5
  136    65                 2.9
  136    41                16.7
  136   348                21.2
  137   267                 6.5
  137   370                 7.1
  137   354                20.3
  138   287                   2
  138   277                 6.2
  138   300                20.6
  139    81                14.8
  139   292                21.8
  139   199                24.9
  139    15                31.6
  140   325                 1.7
  140    50                36.8
  141   169                 8.1
  141   259                16.2
  141   109                20.4
  142   381                16.3
  142   279                30.6
  143   132                 3.9
  143   283                 9.5
  143    49                30.8
  144   295                 2.9
  144   350                 5.1
  145   344                 4.4
  146     1                 2.2
  146   291                16.4
  146   156                29.9
  146   204                38.5
  147     7                 3.2
  147   151                18.2
  147    52                  23
  147   193                47.9
  148   321                12.2
  148    15                12.3
  148    69                26.8
  149    81                  11
  149   355                15.3
  149   203                18.7
  150    29                 5.2
  150   391                18.8
  150   215                22.5
  151   147                18.2
  151   237                  21
  151   310                30.1
  152   337                 5.7
  152   311                15.1
  153    62                 7.3
  153   364                11.9
  153   154                17.5
  154   178                 4.7
  154   313                 9.9
  154   153                17.5
  155   233                 4.3
  155   166                29.2
  155   349                34.6
  156   214                 7.2
  156   276                17.6
  156   146                29.9
  156    54                33.7
  157   254                 8.8
  157    30                10.6
  157   313                25.3
  158   266                 3.4
  158    39                25.3
  159   330                 9.6
  159   206                22.1
  159    80                28.1
  159   106                29.2
  160   351                10.7
  160   346                18.8
  161   113                 9.9
  161   394                  13
  162   302                11.9
  162    89                14.2
  162    59                19.8
  163   327                14.8
  163   168                17.9
  164    10                23.1
  164   292                23.5
  164   231                31.7
  165    96                 1.4
  165   375                73.3
  166    54                24.5
  166   155                29.2
  166   175                36.6
  166   211                58.2
  167   395                15.6
  167   303                20.7
  167   184                33.5
  168   310                17.7
  168   163                17.9
  168   365                19.3
  168   237                35.5
  169   141                 8.1
  169   347                14.6
  169   196                46.7
  170   253                14.4
  170   181                30.4
  170   282                40.7
  170    60                  46
  171   311                19.7
  171    71                24.7
  171   275                26.3
  172   314                10.4
  172   361                12.7
  173   249                 3.9
  173   321                18.3
  173   261                24.6
  174    25                 8.8
  174    80                16.6
  174   116                20.4
  175    92                17.1
  175   337                31.6
  175   290                36.1
  175   166                36.6
  176   336                 6.1
  176   358                10.1
  176   345                15.6
  177   206                  16
  177   330                26.5
  177     5                31.4
  177   290                68.4
  178   362                 4.3
  178   154                 4.7
  178   212                 7.8
  179   127                19.7
  180   398                 2.7
  180   246                26.4
  180   399                34.6
  181   118                16.9
  181   334                22.4
  181   170                30.4
  182   264                 9.5
  182   270                15.4
  182    45                19.7
  183   242                16.6
  183   226                20.9
  184    19                10.8
  184   238                29.4
  184   167                33.5
  185   102                18.3
  185   263                24.3
  186    62                10.8
  186    87                23.2
  186   110                53.3
  187   274                 4.9
  187   278                17.8
  187   204                21.8
  188   207                12.7
  188   382                22.2
  188   340                23.2
  188   205                25.2
  189   243                10.5
  189    11                17.5
  189   128                18.4
  190   376                14.3
  190   318                19.4
  190   392                23.8
  191   237                 4.6
  191   359                25.6
  191   365                28.7
  192   318                10.1
  192    64                  13
  192   122                19.8
  193    24                 3.7
  193   269                27.6
  193   147                47.9
  194   101                21.4
  194    53                21.9
  195   305                 4.1
  195    12                19.5
  195   253                38.3
  196   113                23.8
  196   298                  29
  196   272                31.9
  196   169                46.7
  197   266                 2.9
  197   381                10.8
  197   215                37.7
  198   267                 6.5
  198   201                14.3
  199   355                14.1
  199   125                18.9
  199   139                24.9
  200   324                 5.9
  200    88                31.8
  201   198                14.3
  201   265                29.4
  201   317                39.1
  202   315                12.2
  202    62                12.7
  202     8                18.5
  203   281                 2.3
  203   149                18.7
  203   223                31.9
  204   126                 3.7
  204   331                 8.1
  204   187                21.8
  204   146                38.5
  205   394                 9.7
  205   188                25.2
  206    25                13.8
  206   248                15.8
  206   177                  16
  206   159                22.1
  207    47                10.4
  207   188                12.7
  207   113                42.2
  208    16                 0.9
  208   102                 7.3
  209    66                25.8
  209    44                30.7
  209    27                32.3
  210   102                 7.4
  211   307                 8.8
  211   258                19.2
  211   166                58.2
  212   178                 7.8
  212    33                 9.7
  212   313                  11
  213    46                 9.9
  213   228                11.2
  213   356                12.4
  214   156                 7.2
  214   131                20.5
  214   341                25.9
  215   228                 6.4
  215   150                22.5
  215   121                24.7
  215   197                37.7
  216   106                 7.7
  216   117                 9.3
  216    63                21.6
  216    39                29.1
  217   294                 7.6
  217   378                   8
  217   262                 9.4
  218   357                 5.7
  218   312                 9.4
  218   121                20.2
  219   271                10.5
  219    35                24.5
  219   338                28.7
  220   329                 8.6
  220    27                20.9
  220   293                39.3
  221   260                17.5
  221   303                24.4
  221   383                36.2
  221   265                52.9
  222    60                 7.3
  222    45                15.6
  222   379                35.6
  223     2                10.7
  223   129                16.5
  223   371                20.6
  223   203                31.9
  224   380                16.3
  224   384                23.8
  224   252                28.6
  225   230                 3.8
  225   229                17.8
  226    76                 4.3
  226   297                19.8
  226   183                20.9
  227   278                11.5
  227   274                13.8
  227     4                16.2
  228   215                 6.4
  228    39                   7
  228   213                11.2
  228   117                31.1
  229   274                 7.8
  229   225                17.8
  230   225                 3.8
  230   232                25.2
  231    92                19.2
  231   164                31.7
  231   386                36.7
  232   127                21.2
  232   230                25.2
  232    93                30.8
  233   155                 4.3
  233   114                10.7
  233    10                11.2
  234   275                17.3
  234   311                29.9
  234   119                39.9
  234   374                47.7
  235    43                  13
  235    12                16.1
  235    37                51.8
  236   304                13.2
  236   118                15.1
  236   282                22.6
  237   191                 4.6
  237    52                15.9
  237   151                  21
  237   168                35.5
  238    61                 9.4
  238   134                12.6
  238   184                29.4
  239   117                 5.2
  239   106                10.1
  239    88                27.5
  240   389                 6.8
  240   125                12.1
  240    69                19.2
  241   373                 5.4
  241   243                  23
  242   183                16.6
  242   108                19.1
  243   189                10.5
  243   320                12.2
  243   241                  23
  244    40                 2.5
  244    79                30.9
  244   365                32.7
  245    17                10.4
  245    99                16.3
  245   398                  21
  246    40                21.4
  246   122                24.5
  246   180                26.4
  246   359                49.7
  247    26                11.3
  247   306                94.9
  248   206                15.8
  248     4                24.1
  249   173                 3.9
  249   328                13.9
  250   394                13.4
  250     6                  18
  250   123                  28
  250   340                43.3
  251   259                15.3
  251   286                17.5
  251   289                18.1
  251   347                20.2
  252    95                20.3
  252   392                26.8
  252   376                27.4
  252   224                28.6
  253    21                 8.5
  253   170                14.4
  253   195                38.3
  254   302                 4.7
  254   157                 8.8
  254   285                12.4
  255   121                11.2
  255    94                11.2
  255   377                25.2
  255    29                30.1
  256    46                 1.8
  256   121                15.3
  256   357                17.6
  257   319                 7.8
  257    99                14.5
  257    17                15.5
  257    85                22.8
  258   291                11.7
  258    22                17.1
  258   211                19.2
  258   331                35.5
  259    20                10.3
  259   251                15.3
  259   141                16.2
  260   221                17.5
  260    19                21.4
  260   374                21.7
  261    50                15.1
  261   173                24.6
  262   217                 9.4
  262    42                19.1
  262    57                20.1
  263    91                   6
  263   185                24.3
  263   342                31.9
  264   182                 9.5
  264   316                  11
  264   379                16.6
  265   380                19.3
  265   201                29.4
  265    42                37.4
  265   221                52.9
  266   197                 2.9
  266   158                 3.4
  266   387                10.2
  267   198                 6.5
  267   137                 6.5
  267   303                24.5
  268   364                 4.4
  268   362                13.4
  269   310                 6.3
  269   193                27.6
  270   395                 9.9
  270   182                15.4
  270   354                  22
  271   219                10.5
  271   110                11.7
  272    86                15.4
  272   196                31.9
  272   281                39.9
  273    15                   5
  273     9                  13
  273   321                14.9
  273   292                27.5
  274   187                 4.9
  274    96                 5.4
  274   229                 7.8
  274   227                13.8
  275   234                17.3
  275   171                26.3
  275    77                28.1
  275   115                34.8
  276    31                 7.5
  276   156                17.6
  276   349                34.8
  277   138                 6.2
  277   396                12.6
  278   227                11.5
  278   187                17.8
  278   295                18.9
  278   331                21.6
  279   142                30.6
  279   391                30.8
  280   310                 8.6
  280    27                21.7
  280    66                41.4
  281   203                 2.3
  281   272                39.9
  281   298                43.7
  282   236                22.6
  282   379                30.9
  282   285                34.7
  282   170                40.7
  283   143                 9.5
  283   111                23.1
  284    86                11.3
  284   309                27.8
  284     6                29.8
  285   254                12.4
  285   288                  30
  285   282                34.7
  286   134                12.9
  286   251                17.5
  286    36                36.4
  287   138                   2
  287     6                22.7
  288   397                18.5
  288   370                  30
  288   285                  30
  289    65                 4.8
  289    20                 8.3
  289   251                18.1
  289    68                18.9
  290    97                15.6
  290   175                36.1
  290   177                68.4
  291   258                11.7
  291   146                16.4
  292   368                  14
  292   139                21.8
  292   164                23.5
  292   273                27.5
  293    44                 8.1
  293   220                39.3
  293   105                43.3
  294   217                 7.6
  294   343                26.9
  294    14                77.9
  295   144                 2.9
  295   278                18.9
  296   127                19.4
  296   335                21.9
  296     4                27.8
  297    26                18.4
  297   226                19.8
  298   124                   8
  298   196                  29
  298   281                43.7
  299   366                 0.8
  299   323                 2.2
  299    41                10.5
  300   138                20.6
  301    84                18.4
  301    44                25.4
  302   254                 4.7
  302   162                11.9
  303   354                15.3
  303   167                20.7
  303   221                24.4
  303   267                24.5
  304    89                 2.3
  304   236                13.2
  304    23                23.4
  305   195                 4.1
  305   334                11.5
  306   122                  19
  306   247                94.9
  307    38                 8.7
  307   211                 8.8
  308   396                23.8
  308   309                27.6
  309   371                14.4
  309   308                27.6
  309   284                27.8
  310   269                 6.3
  310   280                 8.6
  310   168                17.7
  310   151                30.1
  311   152                15.1
  311   171                19.7
  311   234                29.9
  312   388                 4.8
  312   218                 9.4
  313   154                 9.9
  313   212                  11
  313   353                16.8
  313   157                25.3
  314   172                10.4
  314   332                15.4
  314    55                19.8
  315   202                12.2
  315    51                17.9
  315    95                32.4
  316   264                  11
  316   354                16.6
  316   370                  24
  317    95                  12
  317     8                12.8
  317   397                23.6
  317   201                39.1
  318   192                10.1
  318   190                19.4
  319   257                 7.8
  319   384                 9.4
  319    42                45.8
  320   243                12.2
  320   368                18.9
  320   386                35.3
  321   148                12.2
  321   273                14.9
  321    13                15.3
  321   173                18.3
  322    90                 2.9
  322   330                  23
  323   299                 2.2
  323   100                 5.2
  324    75                 2.3
  324   200                 5.9
  324    90                24.8
  325   140                 1.7
  325   389                11.9
  325   129                38.2
  326   383                14.3
  326    82                14.6
  326    42                40.3
  327   163                14.8
  327   329                  19
  327    79                45.7
  328   249                13.9
  328    13                18.2
  328    31                27.7
  329   220                 8.6
  329   332                14.4
  329   327                  19
  330   159                 9.6
  330   322                  23
  330   177                26.5
  331   204                 8.1
  331   278                21.6
  331   350                25.3
  331   258                35.5
  332   329                14.4
  332   314                15.4
  332    70                28.3
  333   345                16.9
  333    19                19.7
  333    61                20.6
  334   305                11.5
  334   181                22.4
  334    48                25.2
  335    25                17.9
  335   296                21.9
  335   116                23.1
  336   176                 6.1
  336     3                21.5
  337   152                 5.7
  337    97                26.5
  337   175                31.6
  338    16                18.6
  338   219                28.7
  338   342                41.6
  339    92                13.7
  339    10                20.3
  340   188                23.2
  340   363                31.1
  340   250                43.3
  341    31                10.1
  341   214                25.9
  342    23                 8.3
  342    78                 9.8
  342   263                31.9
  342   338                41.6
  343   385                15.2
  343    70                23.8
  343   294                26.9
  344   145                 4.4
  344   127                10.8
  344   103                53.7
  345   176                15.6
  345   333                16.9
  345   119                21.2
  345   374                47.3
  346    88                16.2
  346   160                18.8
  346    28                33.3
  347   169                14.6
  347   251                20.2
  347    98                22.8
  347   134                  24
  348    68                   7
  348    45                17.3
  348   136                21.2
  349    13                 7.4
  349   155                34.6
  349   276                34.8
  350     5                 4.7
  350   144                 5.1
  350   331                25.3
  351   117                 5.6
  351   160                10.7
  351   356                15.9
  352   385                 5.6
  352   393                   7
  352    18                10.4
  353   397                14.4
  353     8                15.6
  353   313                16.8
  354   303                15.3
  354   316                16.6
  354   137                20.3
  354   270                  22
  355   199                14.1
  355   149                15.3
  355   129                15.7
  356   213                12.4
  356   351                15.9
  357   218                 5.7
  357   256                17.6
  357    28                19.5
  358   176                10.1
  358   386                16.6
  358   119                25.9
  359   367                 9.9
  359   191                25.6
  359   246                49.7
  360    47                 2.4
  360   109                19.9
  360   382                20.5
  361   172                12.7
  361    70                12.8
  362   178                 4.3
  362   268                13.4
  363    37                23.8
  363   382                24.6
  363   340                31.1
  364   268                 4.4
  364   153                11.9
  365   168                19.3
  365   191                28.7
  365   244                32.7
  366   299                 0.8
  366   133                 1.3
  367   359                 9.9
  367    52                10.7
  368   292                  14
  368   320                18.9
  368   128                28.8
  369    37                11.1
  369    73                36.4
  369   132                38.3
  370   137                 7.1
  370   316                  24
  370   288                  30
  371   309                14.4
  371   223                20.6
  372    57                15.5
  372    82                20.8
  372    58                31.5
  373    56                 4.3
  373   241                 5.4
  373   386                12.1
  374   383                17.2
  374   260                21.7
  374   345                47.3
  374   234                47.7
  375   131                   8
  375   165                73.3
  376   190                14.3
  376    51                18.1
  376   252                27.4
  377   105                 6.7
  377   130                12.7
  377   255                25.2
  378   217                   8
  378    85                 8.6
  379   264                16.6
  379   282                30.9
  379   222                35.6
  380   224                16.3
  380   265                19.3
  381   197                10.8
  381   142                16.3
  381   103                44.4
  382   360                20.5
  382   188                22.2
  382   363                24.6
  383   326                14.3
  383   374                17.2
  383   221                36.2
  384   319                 9.4
  384    99                16.5
  384   224                23.8
  385   352                 5.6
  385   343                15.2
  385    85                  21
  386   373                12.1
  386   358                16.6
  386   320                35.3
  386   231                36.7
  387    63                   9
  387   266                10.2
  387   116                47.9
  388   312                 4.8
  388    74                 8.3
  388    94                15.1
  389   240                 6.8
  389   325                11.9
  390    55                 9.3
  390   105                17.8
  390    94                25.8
  391   107                11.5
  391   150                18.8
  391   279                30.8
  392    72                12.7
  392   190                23.8
  392   252                26.8
  393   352                   7
  393    17                13.8
  394   205                 9.7
  394   161                  13
  394   250                13.4
  395   270                 9.9
  395   167                15.6
  395    36                15.7
  396   277                12.6
  396   308                23.8
  397   353                14.4
  397   288                18.5
  397   317                23.6
  398   180                 2.7
  398    64                 3.7
  398   245                  21
  399    18                  11
  399    17                11.5
  399    40                24.5
  399   180                34.6
