136
    0    20                18.7
    0    36                21.9
    0    30                  26
    1    25                12.3
    1    20                15.5
    1    27                40.5
    1    28                43.4
    2    39                 7.5
    2     6                12.5
    2     7                31.9
    3     5                 5.4
    3    45                24.1
    3    15                36.2
    4    37                  13
    4    19                19.2
    4    32                22.2
    4    10                36.7
    5    12                 3.7
    5     3                 5.4
    5    17                25.1
    6    27                 5.3
    6     2                12.5
    6    41                22.9
    7    34                21.8
    7     2                31.9
    7    28                32.7
    8    49                 2.9
    8    31                16.9
    9    29                   6
    9    14                31.9
   10    13                 5.7
   10    44                19.3
   10    28                19.9
   10     4                36.7
   11    17                 0.5
   11    26                 5.9
   11    36                17.8
   12     5                 3.7
   12    14                  12
   12    36                21.7
   13    10                 5.7
   14    12                  12
   14    24                24.6
   14     9                31.9
   15    25                19.5
   15    43                19.6
   15     3                36.2
   16    33                22.9
   17    11                 0.5
   17    25                13.1
   17     5                25.1
   18    29                 8.7
   18    22                26.3
   19     4                19.2
   19    40                20.6
   19    38                  27
   20    47                 9.6
   20     1                15.5
   20     0                18.7
   20    31                40.2
   21    36                15.8
   21    24                17.9
   21    30                23.9
   22    38                21.2
   22    18                26.3
   23    35                 7.9
   23    30                11.2
   23    42                16.3
   24    21                17.9
   24    14                24.6
   25    47                 8.1
   25     1                12.3
   25    17                13.1
   25    15                19.5
   26    11                 5.9
   26    47                 6.3
   27     6                 5.3
   27    48                23.4
   27     1                40.5
   28    43                19.9
   28    10                19.9
   28     7                32.7
   28     1                43.4
   29     9                   6
   29    18                 8.7
   30    23                11.2
   30    21                23.9
   30     0                  26
   31     8                16.9
   31    20                40.2
   31    35                53.4
   32     4                22.2
   32    33                24.6
   33    44                 4.6
   33    16                22.9
   33    32                24.6
   34     7                21.8
   35    23                 7.9
   35    31                53.4
   36    21                15.8
   36    11                17.8
   36    12                21.7
   36     0                21.9
   37    40                12.2
   37     4                  13
   37    43                20.6
   38    22                21.2
   38    19                  27
   38    45                32.7
   39     2                 7.5
   39    46                  19
   40    37                12.2
   40    45                12.7
   40    19                20.6
   41    46                 6.4
   41    48                20.9
   41     6                22.9
   42    23                16.3
   43    15                19.6
   43    28                19.9
   43    37                20.6
   44    33                 4.6
   44    10                19.3
   45    40                12.7
   45     3                24.1
   45    38                32.7
   46    41                 6.4
   46    39                  19
   47    26                 6.3
   47    25                 8.1
   47    20                 9.6
   48    49                 6.9
   48    41                20.9
   48    27                23.4
   49     8                 2.9
   49    48                 6.9
