1478
    0   276                10.6
    0   287                12.1
    1   479                13.2
    1   104                13.9
    1   187                  22
    1   396                51.7
    2    82                 7.7
    2    34                11.9
    3   319                  18
    3    87                21.2
    3   323                29.2
    4   375                12.8
    4   313                22.8
    4    62                28.3
    5   322                13.3
    5   187                28.6
    5    92                33.5
    6    49                12.2
    6   442                  20
    6   126                41.3
    7   329                  19
    7   463                  19
    7   129                23.2
    7    37                23.4
    8   427                 4.7
    8   276                 9.6
    8    15                51.6
    9    33                13.5
    9   496                18.1
    9   410                18.8
    9   145                22.5
   10    45                13.1
   10   478                18.1
   10   215                26.6
   11   113                10.8
   11   101                11.5
   11   171                20.3
   11   476                21.6
   12   102                 5.1
   12   444                11.4
   12   185                14.5
   13    83                 9.5
   13    78                17.3
   13   268                41.5
   13    54                41.7
   14   270                 3.1
   14   136                 8.2
   14   250                11.1
   15   499                 7.7
   15   123                  14
   15   467                34.4
   15     8                51.6
   16    22                13.2
   16   456                16.9
   17   312                12.2
   17   120                16.4
   17   446                31.5
   18   377                 3.9
   18    78                 6.9
   18    51                  39
   19   289                18.5
   19   311                20.5
   20   473                 0.7
   20   190                18.8
   20    49                49.6
   21   302                 7.5
   21    75                25.8
   22   216                 8.5
   22    16                13.2
   22   484                  38
   23   350                 1.8
   23   348                 2.6
   23    96                 9.6
   24   395                 4.1
   24   176                17.1
   25   216                 2.1
   25   177                19.3
   25   217                32.6
   26   304                 3.6
   26    73                 8.8
   26   286                  14
   27    38                 5.7
   27   100                22.7
   28   283                14.8
   28   450                21.9
   28   431                27.3
   29   447                 9.5
   29    46                12.7
   29   279                20.6
   29   295                33.4
   30   342                  19
   30   341                22.1
   31   495                 7.8
   31   271                  12
   32   109                 6.8
   32   262                20.1
   32   445                40.8
   33   394                11.5
   33     9                13.5
   33   470                56.1
   34     2                11.9
   34   253                13.5
   35   377                 7.5
   35    38                10.4
   36   357                11.8
   36    92                13.1
   36   299                19.7
   37   307                14.4
   37   461                17.2
   37    40                17.7
   37     7                23.4
   38   449                 3.1
   38    27                 5.7
   38    35                10.4
   39   393                 9.7
   39   286                18.5
   39   275                36.1
   40   212                 9.5
   40   119                  11
   40    37                17.7
   41    68                   8
   41   335                 8.7
   41   303                14.2
   42   492                10.5
   42    53                12.6
   42   251                22.8
   43   199                  12
   43   374                12.4
   43   405                14.7
   44   308                17.4
   44   372                27.9
   44   177                  32
   45   140                 3.6
   45    10                13.1
   45   117                23.1
   46    29                12.7
   46   192                16.3
   47    57                 6.9
   47   150                18.3
   47   342                33.6
   47   292                37.7
   48   412                 2.6
   48   267                13.9
   49   236                 2.9
   49     6                12.2
   49    20                49.6
   50   406                 7.7
   50   459                  18
   50   328                23.3
   50   421                25.7
   51   414                 4.5
   51    18                  39
   52   280                10.8
   52   200                11.1
   52   479                  27
   53   323                12.1
   53    42                12.6
   54   207                 3.5
   54   303                21.1
   54   414                28.3
   54    13                41.7
   55   262                 7.4
   55   167                   8
   56   459                13.5
   56   476                  15
   56   113                19.4
   57    47                 6.9
   57   345                 7.3
   57   366                30.8
   58   130                 9.8
   58   376                12.3
   59   253                 8.3
   59   359                19.6
   59    82                27.4
   60    71                 6.6
   60   315                15.4
   60   186                18.5
   60   490                30.1
   61   467                11.2
   61   499                27.3
   61   445                  30
   61   406                33.6
   62   290                 6.3
   62   393                16.8
   62     4                28.3
   63   199                10.3
   63   374                11.6
   63   264                15.5
   64    97                 9.3
   64   364                26.1
   65   470                 8.2
   65   347                11.3
   65   215                17.1
   66   426                16.4
   66   270                  18
   67   496                15.6
   67   410                17.8
   67   243                  28
   67   419                  30
   68    41                   8
   68   414                13.5
   69   150                 9.8
   69   366                16.1
   69   247                38.1
   69   359                48.2
   70   161                10.3
   70   203                18.2
   70   191                20.1
   71    60                 6.6
   71    75                 8.1
   71   123                39.8
   72   370                 7.5
   72   218                14.6
   72   434                24.5
   73    26                 8.8
   73   259                24.6
   73   240                30.9
   74   412                 1.3
   74   153                  21
   74   156                31.2
   75    71                 8.1
   75   260                16.1
   75   402                21.8
   75    21                25.8
   76   444                 3.8
   76   102                 7.3
   77   133                12.5
   77   155                27.4
   77   146                40.4
   78    18                 6.9
   78   128                13.9
   78    13                17.3
   78   414                41.8
   79   428                11.1
   79   481                20.1
   79   319                23.2
   79   297                41.6
   80   143                10.5
   80   433                24.5
   81   188                 5.6
   81   411                16.1
   82     2                 7.7
   82   465                16.8
   82   341                18.4
   82    59                27.4
   83    13                 9.5
   83   128                15.1
   83   320                20.1
   84   326                  11
   84   267                21.9
   84   214                32.3
   85   127                11.8
   85   282                  16
   85   276                  17
   86   369                  16
   86   401                21.9
   86   141                30.1
   87     3                21.2
   87   428                  25
   87   178                  27
   88   363                19.3
   88   308                20.9
   88   118                38.8
   89   346                 3.2
   89   487                11.1
   89   156                23.7
   90   187                 7.6
   90   485                 8.5
   91   301                 8.7
   91   254                11.5
   91   304                41.8
   92   238                12.3
   92    36                13.1
   92   235                18.6
   92     5                33.5
   93   130                 9.7
   93   376                11.9
   93   274                13.1
   94   199                 8.4
   94   208                10.9
   94   446                15.5
   95   270                 7.6
   95   148                24.8
   95   268                29.3
   95   320                44.8
   96   106                 3.2
   96    23                 9.6
   96   437                27.5
   96   180                29.7
   97    64                 9.3
   97   117                13.6
   97   478                27.8
   98   281                 9.2
   98   373                31.7
   98   344                41.2
   99   361                10.2
   99   230                13.6
   99   134                15.4
  100   440                15.3
  100    27                22.7
  100   395                40.6
  101    11                11.5
  101   158                14.2
  102    12                 5.1
  102   245                 6.8
  102    76                 7.3
  103   222                12.6
  103   439                13.8
  104     1                13.9
  104   280                18.5
  104   322                21.2
  105   375                 9.3
  105   290                15.3
  106    96                 3.2
  106   418                11.2
  107   356                 6.5
  107   306                18.2
  107   416                38.1
  108   473                 4.8
  108   160                  27
  109    32                 6.8
  109   285                13.3
  109   175                13.8
  109   337                21.6
  110   256                12.2
  110   486                37.6
  110   348                51.3
  111   423                 8.6
  111   118                18.7
  111   305                  20
  111   177                36.9
  112   123                 6.5
  112   314                11.6
  112   499                19.4
  112   139                55.9
  113    11                10.8
  113    56                19.4
  114   167                  12
  114   241                21.1
  115   438                   3
  115   174                 6.4
  115   316                  18
  116   334                15.4
  116   384                35.2
  116   294                46.5
  117    97                13.6
  117    45                23.1
  117   383                37.8
  118   300                14.1
  118   111                18.7
  118    88                38.8
  119   129                 3.7
  119   420                 5.2
  119    40                  11
  120   448                 6.7
  120    17                16.4
  120   131                51.5
  121   392                  12
  121   376                18.8
  121   151                19.3
  122   202                17.2
  122   325                17.7
  122   490                23.1
  123   112                 6.5
  123   302                13.9
  123    15                  14
  123    71                39.8
  124   168                 4.6
  124   485                16.8
  124   396                27.8
  125   185                   7
  125   181                23.7
  125   296                36.8
  126   135                19.3
  126   354                25.6
  126     6                41.3
  127   427                10.5
  127    85                11.8
  128   482                10.1
  128    78                13.9
  128   157                15.1
  128    83                15.1
  129   119                 3.7
  129   433                13.4
  129     7                23.2
  130   403                 7.6
  130    93                 9.7
  130    58                 9.8
  131   405                14.1
  131   120                51.5
  132   371                 6.1
  132   160                10.5
  133    77                12.5
  133   195                23.3
  133   403                26.9
  133   431                47.3
  134   424                15.4
  134    99                15.4
  134   316                21.1
  135   291                14.5
  135   126                19.3
  135   352                20.1
  136    14                 8.2
  136   243                18.7
  136   426                22.3
  137   138                 3.6
  137   227                 9.6
  137   260                28.9
  138   137                 3.6
  138   287                  22
  138   209                32.5
  139   388                17.5
  139   155                20.1
  139   112                55.9
  140    45                 3.6
  140   206                22.7
  140   379                  32
  141   478                 6.8
  141   493                12.5
  141    86                30.1
  142   218                 3.2
  142   159                   8
  142   263                  14
  143    80                10.5
  143   149                13.4
  143   373                28.4
  144   220                11.6
  144   242                  13
  145   429                 6.1
  145   472                  12
  145     9                22.5
  146   314                11.7
  146   315                16.9
  146    77                40.4
  147   407                   3
  147   256                35.2
  147   369                  62
  148   394                12.7
  148   410                  15
  148    95                24.8
  149   143                13.4
  149   452                23.9
  150    69                 9.8
  150    47                18.3
  151   269                11.2
  151   411                17.1
  151   121                19.3
  151   362                19.4
  152   423                 9.1
  152   278                10.4
  152   422                25.7
  153   441                 4.7
  153    74                  21
  153   346                24.4
  154   291                   9
  154   411                25.7
  154   442                36.3
  154   496                53.7
  155   139                20.1
  155   390                23.4
  155    77                27.4
  156   282                17.7
  156    89                23.7
  156    74                31.2
  156   198                46.2
  157   273                   1
  157   128                15.1
  157   321                23.4
  158   171                11.6
  158   101                14.2
  158   307                22.7
  159   382                 4.7
  159   142                   8
  160   132                10.5
  160   325                12.7
  160   108                  27
  161    70                10.3
  161   296                  22
  161   196                32.3
  161   275                33.8
  162   429                 6.1
  162   437                14.3
  162   324                18.6
  163   301                 7.1
  163   182                  16
  163   254                16.6
  163   462                18.9
  164   356                 8.2
  164   345                27.2
  164   486                28.2
  165   353                 4.5
  165   222                33.4
  165   328                41.2
  166   407                 6.2
  166   213                16.7
  166   204                26.1
  167    55                   8
  167   388                 8.8
  167   114                  12
  168   124                 4.6
  168   183                12.7
  168   391                  32
  169   313                22.8
  169   286                24.4
  169   311                  38
  170   367                 2.4
  170   310                 4.8
  171   461                10.2
  171   158                11.6
  171    11                20.3
  171   353                29.5
  172   179                 5.5
  172   471                23.3
  172   491                33.5
  173   401                 4.7
  174   337                 5.8
  174   115                 6.4
  175   210                 4.4
  175   438                  12
  175   109                13.8
  176   444                15.4
  176    24                17.1
  176   239                18.8
  176   491                20.5
  177    25                19.3
  177    44                  32
  177   111                36.9
  177   190                53.9
  178   492                  24
  178    87                  27
  179   172                 5.5
  179   181                10.2
  179   457                26.7
  179   263                27.9
  180   249                 4.8
  180   352                12.6
  180    96                29.7
  181   179                10.2
  181   125                23.7
  181   284                33.9
  182   163                  16
  182   475                 117
  183   168                12.7
  183   453                16.2
  183   262                17.9
  184   468                10.4
  184   201                22.6
  185   491                 5.8
  185   125                   7
  185    12                14.5
  186   202                14.3
  186    60                18.5
  186   431                22.8
  187    90                 7.6
  187     1                  22
  187     5                28.6
  188    81                 5.6
  188   362                 8.7
  188   434                10.3
  189   389                13.7
  189   432                15.6
  189   379                35.9
  190   223                14.7
  190    20                18.8
  190   234                38.3
  190   177                53.9
  191   296                 8.9
  191   343                17.6
  191    70                20.1
  192    46                16.3
  192   246                16.5
  192   225                19.2
  193   205                  17
  193   225                  45
  194   347                 4.4
  194   360                19.4
  195   238                22.1
  195   133                23.3
  195   498                30.9
  196   245                 6.1
  196   310                15.5
  196   161                32.3
  196   220                41.9
  197   240                12.1
  197   254                38.2
  197   304                40.5
  198   255                20.2
  198   232                21.5
  198   287                21.9
  198   156                46.2
  199    94                 8.4
  199    63                10.3
  199    43                  12
  199   226                  15
  200   393                 7.5
  200    52                11.1
  201   329                 4.7
  201   463                20.1
  201   184                22.6
  202   283                11.1
  202   186                14.3
  202   122                17.2
  203   333                13.8
  203    70                18.2
  203   322                23.9
  204   258                20.9
  204   166                26.1
  205   193                  17
  205   363                19.6
  205   264                25.5
  205   368                53.4
  206   215                13.5
  206   480                19.5
  206   140                22.7
  206   432                  29
  207    54                 3.5
  207   318                 9.2
  207   381                55.9
  208    94                10.9
  208   312                36.9
  209   277                13.8
  209   294                18.2
  209   138                32.5
  209   384                  38
  210   175                 4.4
  210   316                10.8
  210   361                11.3
  210   285                14.8
  211   320                 2.1
  211   273                 5.9
  211   340                30.9
  212    40                 9.5
  212   420                11.2
  212   230               131.8
  213   486                12.8
  213   166                16.7
  213   415                23.6
  214   281                 3.9
  214    84                32.3
  215   206                13.5
  215    65                17.1
  215    10                26.6
  216    25                 2.1
  216    22                 8.5
  216   422                 9.6
  217   484                21.8
  217   473                22.5
  217    25                32.6
  218   142                 3.2
  218   327                12.2
  218    72                14.6
  219   436                13.2
  219   378                17.2
  219   493                23.3
  220   228                 9.4
  220   144                11.6
  220   196                41.9
  221   477                 2.5
  221   324                 4.9
  221   352                  16
  222   454                12.1
  222   103                12.6
  222   165                33.4
  222   487                39.9
  223   339                 7.7
  223   190                14.7
  224   459                22.9
  224   230                25.3
  224   285                28.7
  225   435                 9.4
  225   192                19.2
  225   193                  45
  226   405                  10
  226   446                10.4
  226   199                  15
  227   402                 4.6
  227   137                 9.6
  227   349                23.6
  228   220                 9.4
  228   475                  21
  228   231                22.4
  229   494                10.1
  229   480                  14
  229   458                16.7
  230    99                13.6
  230   224                25.3
  230   212               131.8
  231   367                18.1
  231   228                22.4
  231   451                25.9
  232   198                21.5
  232   380                35.5
  233   249                   6
  233   354                11.2
  234   430                  16
  234   190                38.3
  235   299                 9.2
  235    92                18.6
  235   398                21.5
  235   322                41.4
  236    49                 2.9
  236   325                  17
  236   283                21.2
  237   338                 4.6
  237   318                11.6
  237   458                20.3
  238    92                12.3
  238   195                22.1
  238   365                36.7
  239   367                12.1
  239   451                  17
  239   176                18.8
  240   197                12.1
  240   242                14.1
  240    73                30.9
  241   445                 7.3
  241   114                21.1
  241   499                33.2
  242   144                  13
  242   240                14.1
  242   259                22.6
  243   136                18.7
  243    67                  28
  243   434                31.3
  244   437                 3.5
  244   489                16.7
  245   196                 6.1
  245   102                 6.8
  246   192                16.5
  246   435                23.8
  246   297                26.8
  247   261                15.7
  247    69                38.1
  247   374                83.7
  248   412                24.4
  248   380                29.4
  248   251                29.6
  249   180                 4.8
  249   233                   6
  249   418                17.6
  250    14                11.1
  250   410                18.6
  251    42                22.8
  251   248                29.6
  252   490                 7.6
  252   294                10.1
  252   371                  21
  253    59                 8.3
  253   374                10.9
  253    34                13.5
  254    91                11.5
  254   163                16.6
  254   197                38.2
  255   384                12.1
  255   198                20.2
  256   110                12.2
  256   469                24.7
  256   401                29.6
  256   147                35.2
  257   495                15.3
  257   448                30.9
  258   342                17.8
  258   415                18.6
  258   204                20.9
  259   242                22.6
  259    73                24.6
  259   275                32.5
  260   277                 9.1
  260    75                16.1
  260   137                28.9
  261   430                   4
  261   372                 8.9
  261   247                15.7
  262    55                 7.4
  262   183                17.9
  262   337                19.7
  262    32                20.1
  263   327                 7.7
  263   142                  14
  263   179                27.9
  263   426                30.5
  264    63                15.5
  264   205                25.5
  264   425                54.6
  265   398                10.7
  265   293                17.8
  265   382                20.8
  266   378                  11
  266   469                11.5
  267   441                 6.1
  267    48                13.9
  267    84                21.9
  268   381                 0.6
  268    95                29.3
  268    13                41.5
  269   274                 3.1
  269   151                11.2
  270    14                 3.1
  270    95                 7.6
  270    66                  18
  271   288                10.8
  271    31                  12
  272   336                 7.2
  272   323                11.5
  272   380                35.8
  273   157                   1
  273   211                 5.9
  274   269                 3.1
  274    93                13.1
  274   370                23.6
  275   333                16.4
  275   259                32.5
  275   161                33.8
  275    39                36.1
  276     8                 9.6
  276     0                10.6
  276   349                12.2
  276    85                  17
  277   260                 9.1
  277   490                 9.2
  277   209                13.8
  278   152                10.4
  278   387                21.4
  278   300                24.7
  279    29                20.6
  280   333                 7.5
  280    52                10.8
  280   104                18.5
  281   214                 3.9
  281    98                 9.2
  282    85                  16
  282   156                17.7
  282   487                18.7
  283   202                11.1
  283    28                14.8
  283   236                21.2
  284   343                11.8
  284   382                15.9
  284   181                33.9
  285   109                13.3
  285   210                14.8
  285   224                28.7
  286    26                  14
  286    39                18.5
  286   169                24.4
  287     0                12.1
  287   198                21.9
  287   138                  22
  288   448                 4.5
  288   271                10.8
  288   295                  33
  289    19                18.5
  289   464                20.8
  290    62                 6.3
  290   105                15.3
  290   479                16.7
  291   154                   9
  291   135                14.5
  292   341                12.1
  292   465                13.3
  292    47                37.7
  293   299                 4.9
  293   355                15.5
  293   265                17.8
  294   252                10.1
  294   209                18.2
  294   116                46.5
  295   368                16.2
  295   288                  33
  295    29                33.4
  296   191                 8.9
  296   161                  22
  296   125                36.8
  297   246                26.8
  297    79                41.6
  298   383                13.7
  298   460                  38
  299   293                 4.9
  299   235                 9.2
  299    36                19.7
  300   118                14.1
  300   435                20.5
  300   481                22.3
  300   278                24.7
  301   163                 7.1
  301    91                 8.7
  301   311                23.1
  302    21                 7.5
  302   123                13.9
  302   349                32.2
  303    41                14.2
  303    54                21.1
  303   474                22.2
  304    26                 3.6
  304   197                40.5
  304    91                41.8
  305   111                  20
  305   308                22.9
  306   107                18.2
  306   331                26.5
  307    37                14.4
  307   158                22.7
  308    44                17.4
  308    88                20.9
  308   305                22.9
  308   425                34.4
  309   375                10.5
  309   358                  18
  309   396                22.9
  310   170                 4.8
  310   444                 8.6
  310   196                15.5
  311    19                20.5
  311   301                23.1
  311   169                  38
  312    17                12.2
  312   368                12.9
  312   208                36.9
  313   464                18.7
  313   169                22.8
  313     4                22.8
  314   112                11.6
  314   146                11.7
  314   390                20.3
  315    60                15.4
  315   146                16.9
  315   431                20.2
  316   332                 8.6
  316   210                10.8
  316   115                  18
  316   134                21.1
  317   391                15.1
  317   417                23.7
  317   358                42.1
  318   207                 9.2
  318   237                11.6
  319     3                  18
  319    79                23.2
  319   385                37.6
  320   211                 2.1
  320    83                20.1
  320   471                24.6
  320    95                44.8
  321   449                 9.5
  321   440                13.1
  321   157                23.4
  322     5                13.3
  322   104                21.2
  322   203                23.9
  322   235                41.4
  323   272                11.5
  323    53                12.1
  323     3                29.2
  324   221                 4.9
  324   496                17.6
  324   162                18.6
  325   160                12.7
  325   236                  17
  325   122                17.7
  326    84                  11
  326   441                  16
  326   344                30.1
  326   468                  35
  327   263                 7.7
  327   218                12.2
  327   434                21.2
  328   476                 9.5
  328   439                22.3
  328    50                23.3
  328   165                41.2
  329   201                 4.7
  329     7                  19
  329   353                30.3
  329   487                44.3
  330   447                 5.7
  330   368                20.9
  331   350                14.4
  331   306                26.5
  331   488                31.5
  331   354                45.2
  332   316                 8.6
  332   424                14.7
  332   417                17.2
  333   280                 7.5
  333   203                13.8
  333   275                16.4
  334   456                 6.3
  334   116                15.4
  334   385                20.6
  335    41                 8.7
  335   404                20.5
  336   272                 7.2
  336   466                18.5
  337   174                 5.8
  337   262                19.7
  337   391                21.4
  337   109                21.6
  338   237                 4.6
  338   480                22.5
  338   432                25.7
  339   397                 6.7
  339   223                 7.7
  340   440                10.3
  340   455                24.6
  340   211                30.9
  341   292                12.1
  341    82                18.4
  341    30                22.1
  342   258                17.8
  342    30                  19
  342    47                33.6
  343   398                11.3
  343   284                11.8
  343   191                17.6
  344   463                  18
  344   326                30.1
  344    98                41.2
  345    57                 7.3
  345   415                11.3
  345   164                27.2
  346    89                 3.2
  346   468                 6.9
  346   153                24.4
  347   194                 4.4
  347   494                 6.9
  347    65                11.3
  348    23                 2.6
  348   489                  13
  348   110                51.3
  349   276                12.2
  349   227                23.6
  349   302                32.2
  350    23                 1.8
  350   331                14.4
  351   381                 8.4
  351   497                19.6
  352   180                12.6
  352   221                  16
  352   135                20.1
  353   165                 4.5
  353   171                29.5
  353   329                30.3
  354   233                11.2
  354   126                25.6
  354   483                35.9
  354   331                45.2
  355   370                14.1
  355   293                15.5
  355   357                27.9
  356   107                 6.5
  356   164                 8.2
  356   366                13.5
  357    36                11.8
  357   403                15.4
  357   355                27.9
  358   309                  18
  358   386                22.4
  358   317                42.1
  359   465                15.1
  359    59                19.6
  359    69                48.2
  360   497                 7.5
  360   194                19.4
  360   394                36.7
  361    99                10.2
  361   210                11.3
  362   188                 8.7
  362   151                19.4
  362   370                19.7
  363    88                19.3
  363   205                19.6
  364   369                14.9
  364    64                26.1
  365   498                14.1
  365   485                15.6
  365   238                36.7
  366   356                13.5
  366    69                16.1
  366    57                30.8
  367   170                 2.4
  367   239                12.1
  367   231                18.1
  368   312                12.9
  368   295                16.2
  368   330                20.9
  368   205                53.4
  369   364                14.9
  369    86                  16
  369   147                  62
  370    72                 7.5
  370   355                14.1
  370   362                19.7
  370   274                23.6
  371   132                 6.1
  371   252                  21
  371   484                24.6
  372   261                 8.9
  372   425                  21
  372    44                27.9
  373   452                22.4
  373   143                28.4
  373    98                31.7
  373   463                45.1
  374   253                10.9
  374    63                11.6
  374    43                12.4
  374   247                83.7
  375   105                 9.3
  375   309                10.5
  375     4                12.8
  376   400                10.8
  376    93                11.9
  376    58                12.3
  376   121                18.8
  377    18                 3.9
  377    35                 7.5
  377   449                10.8
  378   266                  11
  378   219                17.2
  378   401                36.5
  379   383                 2.8
  379   140                  32
  379   189                35.9
  380   248                29.4
  380   232                35.5
  380   272                35.8
  381   268                 0.6
  381   351                 8.4
  381   413                 9.9
  381   207                55.9
  382   159                 4.7
  382   284                15.9
  382   265                20.8
  383   379                 2.8
  383   298                13.7
  383   117                37.8
  384   255                12.1
  384   399                31.1
  384   116                35.2
  384   209                  38
  385   399                15.8
  385   334                20.6
  385   319                37.6
  386   358                22.4
  386   464                37.4
  386   417                58.9
  387   481                 5.2
  387   278                21.4
  388   167                 8.8
  388   453                16.5
  388   139                17.5
  389   474                 9.1
  389   404                 9.7
  389   189                13.7
  389   460                53.4
  390   314                20.3
  390   155                23.4
  391   317                15.1
  391   396                20.2
  391   337                21.4
  391   168                  32
  392   400                 8.5
  392   121                  12
  392   442                  14
  393   200                 7.5
  393    39                 9.7
  393    62                16.8
  394    33                11.5
  394   148                12.7
  394   413                14.9
  394   360                36.7
  395    24                 4.1
  395   455                  18
  395   100                40.6
  396   391                20.2
  396   309                22.9
  396   124                27.8
  396     1                51.7
  397   483                   2
  397   339                 6.7
  397   443                46.6
  398   265                10.7
  398   343                11.3
  398   235                21.5
  399   466                 8.8
  399   385                15.8
  399   384                31.1
  400   450                 7.9
  400   392                 8.5
  400   376                10.8
  401   173                 4.7
  401    86                21.9
  401   256                29.6
  401   378                36.5
  402   227                 4.6
  402    75                21.8
  403   130                 7.6
  403   357                15.4
  403   133                26.9
  404   389                 9.7
  404   335                20.5
  405   226                  10
  405   131                14.1
  405    43                14.7
  406    50                 7.7
  406    61                33.6
  407   147                   3
  407   166                 6.2
  408   469                23.5
  408   472                23.6
  408   489                33.3
