130
    0    38                10.7
    0     5                18.6
    0    15                31.2
    1    38                12.7
    1    35                21.7
    1     6                39.2
    2    13                 1.6
    2    42                10.3
    2    26                13.8
    3    49                20.4
    3    39                24.7
    3    23                65.9
    4    16                12.6
    4    21                12.8
    5    16                12.9
    5     6                15.2
    5     0                18.6
    5    30                46.3
    6     9                13.6
    6     5                15.2
    6     1                39.2
    7    19                 8.2
    7    32                  14
    8    28                 9.5
    8    44                16.6
    9    49                11.7
    9     6                13.6
    9    21                41.5
   10    27                   4
   10    15                 9.4
   11    22                21.2
   11    39                23.3
   12    14                 5.6
   12    40                 9.2
   12    37                22.9
   13     2                 1.6
   14    17                 2.4
   14    12                 5.6
   14    47                19.3
   15    10                 9.4
   15    30                21.5
   15     0                31.2
   16    48                 3.1
   16     4                12.6
   16     5                12.9
   17    14                 2.4
   17    19                35.7
   18    29                  10
   18    44                20.1
   18    31                31.6
   19    46                 2.4
   19     7                 8.2
   19    17                35.7
   20    23                 7.8
   20    26                34.8
   20    36                41.8
   21     4                12.8
   21    24                25.8
   21     9                41.5
   22    43                13.7
   22    41                  17
   22    11                21.2
   23    45                 7.4
   23    20                 7.8
   23     3                65.9
   24    21                25.8
   24    30                34.5
   25    46                 9.3
   25    35                  14
   25    45                15.1
   26     2                13.8
   26    34                23.5
   26    20                34.8
   27    10                   4
   27    44                 6.9
   27    33                 9.9
   28     8                 9.5
   28    38                11.9
   28    46                41.6
   29    37                 3.4
   29    18                  10
   30    15                21.5
   30    24                34.5
   30     5                46.3
   31    40                11.2
   31    46                16.4
   31    18                31.6
   32     7                  14
   32    45                17.1
   32    42                  42
   33    27                 9.9
   33    47                69.1
   34    26                23.5
   34    36                  46
   35    25                  14
   35     1                21.7
   36    39                21.8
   36    20                41.8
   36    34                  46
   37    29                 3.4
   37    12                22.9
   38     0                10.7
   38    28                11.9
   38     1                12.7
   39    36                21.8
   39    11                23.3
   39     3                24.7
   40    12                 9.2
   40    31                11.2
   41    22                  17
   42     2                10.3
   42    32                  42
   43    22                13.7
   43    49                21.4
   44    27                 6.9
   44     8                16.6
   44    18                20.1
   45    23                 7.4
   45    25                15.1
   45    32                17.1
   46    19                 2.4
   46    25                 9.3
   46    31                16.4
   46    28                41.6
   47    14                19.3
   47    33                69.1
   48    16                 3.1
   49     9                11.7
   49     3                20.4
   49    43                21.4
