1476
    0   249                 3.6
    0   420                 9.2
    1   193                23.5
    1   363                26.2
    1   360                28.5
    1   308                31.6
    2   196                 4.7
    2   278                   6
    3   352                14.8
    3   211                35.7
    3   291                36.7
    4    80                 4.5
    4   138                13.8
    4   398                15.9
    5    99                 8.4
    5   128                10.2
    5   171                23.6
    6   355                 7.5
    6   178                13.6
    6   402                  19
    7    51                13.9
    7    73                18.2
    7    48                  27
    8   441                   4
    8    25                16.4
    8   277                42.5
    9   413                12.5
    9    24                22.5
    9   269                24.9
   10   352                 8.2
   10    84                16.3
   10   114                18.6
   10    33                20.1
   11   301                   8
   11   173                10.1
   11   242                17.7
   12    69                 3.3
   12   150                 9.6
   12   151                16.5
   13   386                 9.7
   13   138                15.8
   14   454                 8.6
   14   390                16.3
   14   241                18.5
   15   296                10.2
   15    72                17.9
   15   267                22.8
   16   205                 8.9
   16   235                16.5
   16   108                65.5
   17   274                15.3
   17   307                16.6
   17   311                18.9
   18   359                12.3
   18    83                  19
   18   315                53.6
   19   440                11.7
   19    58                21.8
   19   165                  53
   20   476                15.6
   20   407                18.6
   20   332                24.4
   20   443                42.7
   21   364                13.6
   21   169                  15
   21    63                20.8
   21    66                25.9
   22   245                 5.5
   22   308                 5.6
   22    43                17.2
   23   117                 5.8
   23   412                 5.9
   23   133                 9.3
   24   342                 7.4
   24   489                20.3
   24     9                22.5
   25     8                16.4
   25   448                23.6
   25   131                30.9
   26   344                15.3
   26   134                18.6
   26   468                19.6
   26   380                32.8
   27   310                 2.1
   27   413                 8.9
   28   471                 5.1
   28   434                 6.7
   28   195                16.2
   28   116                29.8
   29   229                12.3
   29    70                12.9
   29   109                25.2
   30   238                 1.4
   30   467                12.8
   31   266                 5.2
   31   426                13.4
   31   192                24.2
   32   210                 8.2
   33   287                   5
   33    78                 6.9
   33    10                20.1
   34    79                  14
   34   381                29.8
   34    56                30.1
   35   340                16.1
   35   391                28.5
   35   326                  32
   36   314                 5.1
   36    95                 6.2
   36   415                26.2
   37   182                10.9
   37   380                14.5
   38   495                 5.1
   38   236                   9
   38   215                27.1
   39   157                 8.6
   39   298                17.7
   39   148                30.1
   39    48                  51
   40   326                16.2
   40   253                22.9
   40   370                29.2
   40   307                43.9
   41   455                13.1
   41    60                19.4
   41   431                  34
   41   172                38.5
   42   141                13.8
   42   206                13.8
   42   384                  15
   43   440                 8.9
   43    22                17.2
   44   355                16.7
   44   466                20.9
   44   472                46.9
   45   255                11.8
   45   302                11.8
   45    87                32.4
   45    51                40.4
   46   427                10.7
   46   129                19.6
   47   127                 2.9
   47   455                 6.9
   48   154                 8.7
   48     7                  27
   48    39                  51
   49   216                 8.2
   49    93                17.7
   49   450                20.4
   50   418                23.2
   50   480                28.9
   51   399                 7.2
   51     7                13.9
   51    45                40.4
   52   260                 9.2
   52   494                19.7
   52   114                  22
   53    56                10.5
   53   436                26.1
   54   391                 7.6
   54   387                15.3
   54   316                27.4
   55   351                 5.4
   55   333                21.6
   55   112                58.3
   56    53                10.5
   56   329                18.7
   56    34                30.1
   56   323                  46
   57   385                 8.5
   57   354                  21
   57   236                43.6
   58   181                11.9
   58    19                21.8
   58   477                29.6
   59   416                11.3
   59   472                  12
   59   204                12.4
   60   275                13.3
   60   149                17.8
   60    41                19.4
   61   382                 7.1
   61   277                 9.2
   61   352                22.8
   62   369                 9.8
   62   142                15.7
   62   268                  33
   63    72                11.1
   63   392                12.4
   63    21                20.8
   64   239                 8.4
   64   279                  11
   64   493                11.4
   65   452                19.9
   65   331                45.5
   65   119                49.3
   66   361                13.9
   66   392                22.8
   66    21                25.9
   67   113                  12
   67   313                13.3
   68    97                17.3
   68   286                19.7
   68   139                24.3
   68   295                27.1
   69    12                 3.3
   69   273                21.1
   70   222                 9.9
   70    29                12.9
   70   133                27.1
   71   284                10.9
   71   160                15.5
   71   463                  20
   72   349                 8.3
   72    63                11.1
   72    15                17.9
   73   124                12.4
   73     7                18.2
   74   223                 3.8
   74    82                 9.4
   75   398                 9.2
   75   257                10.1
   75   155                14.2
   76   230                 3.3
   76   219                 4.8
   77    81                26.5
   77   442                30.8
   77   321                69.6
   78    33                 6.9
   78   114                20.4
   78   260                25.3
   78   379                26.9
   79    34                  14
   79   227                23.6
   79   276                46.5
   79    99                48.8
   80     4                 4.5
   80   155                  19
   80   252                19.7
   81   292                21.9
   81   188                22.5
   81    77                26.5
   82    74                 9.4
   82   468                34.5
   83   434                11.1
   83   350                11.7
   83    18                  19
   83   304                31.7
   84   382                 6.7
   84    10                16.3
   85   470                 8.4
   85   129                12.3
   85    86                  27
   86   473                15.6
   86   158                17.2
   86    85                  27
   86    90                32.3
   87   447                15.6
   87   459                17.1
   87    45                32.4
   88   161                 1.8
   88   284                 7.7
   88   104                34.9
   89   343                16.4
   89   137                20.1
   89   479                20.6
   90   427                   5
   90    92                13.1
   90    86                32.3
   91   320                13.9
   91   248                21.8
   91   109                34.9
   91   358                51.2
   92   297                   9
   92    90                13.1
   93   408                 8.9
   93   438                 9.1
   93    49                17.7
   94   367                13.5
   94   444                19.1
   94   249                35.5
   95    36                 6.2
   95   200                  20
   95   490                24.2
   96   453                13.5
   96   408                  22
   96   366                27.6
   97   348                  10
   97    68                17.3
   98   173                13.8
   98   189                16.7
   98   233                25.6
   99     5                 8.4
   99   400                  16
   99    79                48.8
  100   285                 2.8
  100   249                31.4
  101   290                23.3
  101   488                23.9
  101   422                27.3
  102   103                17.8
  102   136                35.8
  103   102                17.8
  103   314                21.8
  103   228                26.3
  103   297                56.9
  104   261                10.3
  104   325                34.9
  104    88                34.9
  105   293                11.5
  105   381                20.8
  105   444                21.9
  106   420                 4.8
  106   487                14.6
  106   444                17.3
  107   185                 1.8
  107   177                15.3
  108   255                10.5
  108   302                10.8
  108   265                17.7
  108    16                65.5
  109   491                15.9
  109    29                25.2
  109    91                34.9
  110   445                 8.5
  110   489                17.2
  110   358                41.1
  111   443                12.2
  111   479                18.5
  111   407                  50
  112   214                10.2
  112   267                10.9
  112   169                  16
  112    55                58.3
  113    67                  12
  113   496                  23
  113   394                28.5
  113   472                41.2
  114    10                18.6
  114    78                20.4
  114    52                  22
  115   180                14.9
  115   353                18.1
  115   425                23.3
  116   359                 6.9
  116   460                25.5
  116    28                29.8
  117    23                 5.8
  117   216                17.9
  117   492                  26
  118   329                 3.4
  118   429                17.9
  119   414                  16
  119    65                49.3
  120   456                 5.8
  120   175                 9.7
  120   483                10.1
  121   379                19.2
  121   231                19.3
  121   305                20.6
  122   360                13.1
  122   181                19.1
  123   233                18.3
  123   208                24.7
  123   270                34.5
  123   189                40.7
  124   469                10.6
  124    73                12.4
  124   286                13.4
  125   482                10.3
  125   203                17.4
  125   340                  25
  126   259                 7.5
  126   241                 8.8
  126   182                33.9
  127    47                 2.9
  127   239                15.5
  128     5                10.2
  128   433                10.9
  128   465                13.2
  129    85                12.3
  129    46                19.6
  130   141                   9
  130   174                12.2
  130   185                16.8
  131   259                13.1
  131   357                  25
  131    25                30.9
  132   451                 2.8
  132   316                12.2
  133    23                 9.3
  133   310                17.9
  133    70                27.1
  134   319                15.3
  134    26                18.6
  134   202                40.7
  134   180                51.1
  135   294                 3.9
  135   433                20.9
  136   325                18.4
  136   415                20.4
  136   102                35.8
  136   428                50.6
  137   328                19.9
  137    89                20.1
  137   407                22.6
  138   163                 5.9
  138     4                13.8
  138    13                15.8
  139   419                 7.8
  139   399                   8
  139    68                24.3
  140   221                15.6
  140   462                17.5
  141   130                   9
  141   458                12.1
  141    42                13.8
  141   256                20.4
  142   346                 6.6
  142   177                11.4
  142    62                15.7
  142   174                33.9
  143   487                11.2
  143   189                29.1
  143   293                32.1
  144   163                 4.4
  144   481                  18
  145   209                 3.6
  145   374                14.6
  146   232                 9.8
  146   266                15.1
  147   417                 8.5
  147   272                24.9
  148   469                 5.7
  148    39                30.1
  149   371                 1.4
  149   379                10.6
  149    60                17.8
  150    12                 9.6
  150   435                14.6
  151   256                 4.3
  151    12                16.5
  152   463                 4.7
  152   300                14.2
  153   281                 8.6
  153   266                18.8
  153   159                22.1
  154   186                 5.7
  154    48                 8.7
  154   302                16.2
  155    75                14.2
  155    80                  19
  155   271                28.4
  156   210                21.1
  156   168                29.4
  157    39                 8.6
  157   159                14.8
  157   281                18.9
  157   199                39.3
  158   268                11.5
  158    86                17.2
  158   439                18.5
  159   298                   6
  159   235                13.6
  159   157                14.8
  159   153                22.1
  160   218                 2.8
  160    71                15.5
  161    88                 1.8
  161   196                22.5
  161   220                  23
  162   362                 2.3
  162   214                10.7
  162   365                23.7
  163   194                 3.6
  163   144                 4.4
  163   138                 5.9
  163   330                 9.6
  164   490                17.1
  164   297                34.4
  164   439                35.3
  165   437                 6.6
  165    19                  53
  166   424                11.2
  166   387                16.7
  167   312                 9.3
  167   192                16.7
  167   485                19.1
  168   228                16.6
  168   156                29.4
  169   190                12.3
  169   339                14.3
  169    21                  15
  169   112                  16
  170   287                14.6
  170   371                17.9
  170   404                26.3
  170   172                45.4
  171   318                 8.2
  171   417                11.3
  171     5                23.6
  172   493                  22
  172   283                29.1
  172    41                38.5
  172   170                45.4
  173    11                10.1
  173    98                13.8
  173   457                37.4
  174   130                12.2
  174   458                12.3
  174   268                30.3
  174   142                33.9
  175   120                 9.7
  175   431                16.5
  176   406                14.9
  176   402                22.4
  177   142                11.4
  177   107                15.3
  178   238                 5.3
  178     6                13.6
  179   488                 9.8
  179   456                33.1
  179   373                42.5
  180   115                14.9
  180   410                16.3
  180   134                51.1
  181   234                 7.4
  181    58                11.9
  181   122                19.1
  181   276                22.1
  181   245                25.5
  182    37                10.9
  182   390                16.3
  182   207                31.1
  182   126                33.9
  183   353                10.9
  183   336                13.4
  183   425                19.7
  184   282                 6.7
  184   328                10.2
  185   107                 1.8
  185   256                 9.3
  185   130                16.8
  186   154                 5.7
  186   205                37.9
  187   223                  13
  187   282                14.4
  187   332                43.9
  188   345                   2
  188    81                22.5
  188   423                40.2
  189    98                16.7
  189   143                29.1
  189   123                40.7
  190   362                11.2
  190   169                12.3
  190   394                14.9
  191   225                 7.6
  191   474                11.5
  191   327                27.4
  192   167                16.7
  192   309                17.1
  192    31                24.2
  193   251                14.4
  193     1                23.5
  193   299                23.7
  194   163                 3.6
  194   436                21.7
  195   384                 9.8
  195    28                16.2
  195   204                  30
  196     2                 4.7
  196   161                22.5
  197   324                 7.7
  197   423                28.7
  197   345                37.3
  198   383                12.2
  198   474                17.7
  199   316                 9.6
  199   368                24.1
  199   157                39.3
  200   498                15.1
  200   415                16.2
  200    95                  20
  201   240                14.4
  201   439                24.9
  201   365                30.4
  201   394                33.7
  202   370                16.1
  202   380                16.4
  202   253                22.3
  202   134                40.7
  203   283                 7.9
  203   348                  15
  203   125                17.4
  204    59                12.4
  204   206                18.8
  204   460                19.7
  204   195                  30
  205    16                 8.9
  205   298                12.3
  205   186                37.9
  206    42                13.8
  206   237                18.6
  206   204                18.8
  206   458                  19
  207   370                11.9
  207   182                31.1
  207   448                32.4
  208   494                 1.1
  208   123                24.7
  209   145                 3.6
  209   317                19.8
  210   427                 7.4
  210    32                 8.2
  210   156                21.1
  211   487                19.8
  211     3                35.7
  211   285                  53
  212   299                 1.8
  212   433                 5.8
  212   227                  53
  213   358                 6.5
  213   475                20.8
  213   406                34.6
  214   112                10.2
  214   162                10.7
  214   498                35.5
  215   332                21.7
  215    38                27.1
  216    49                 8.2
  216   117                17.9
  216   408                20.2
  216   375                26.5
  217   395                 9.5
  217   480                23.3
  217   312                48.5
  218   160                 2.8
  218   372                 6.6
  218   261                 8.7
  219    76                 4.8
  219   303                 6.6
  219   383                12.7
  220   351                14.7
  220   161                  23
  220   267                55.3
  221   140                15.6
  221   251                16.5
  221   294                  18
  222    70                 9.9
  222   497                16.7
  222   492                47.2
  223    74                 3.8
  223   405                 8.4
  223   187                  13
  224   414                 9.8
  224   315                18.1
  225   191                 7.6
  225   337                  12
  225   386                19.8
  226   288                13.3
  226   389                13.4
  227   360                11.5
  227    79                23.6
  227   212                  53
  228   168                16.6
  228   103                26.3
  229   269                 3.3
  229   264                12.3
  229    29                12.3
  230    76                 3.3
  230   356                10.1
  231   121                19.3
  231   378                21.9
  231   250                26.7
  231   355                32.6
  232   146                 9.8
  232   485                12.2
  233   430                 8.4
  233   123                18.3
  233    98                25.6
  234   181                 7.4
  234   360                15.8
  234   308                  23
  235   159                13.6
  235    16                16.5
  236    38                   9
  236   396                27.7
  236    57                43.6
  237   338                 9.8
  237   416                17.6
  237   206                18.6
  238    30                 1.4
  238   178                 5.3
  238   306                14.3
  239    64                 8.4
  239   127                15.5
  239   456                27.7
  240   376                  13
  240   201                14.4
  240   432                21.7
  241   126                 8.8
  241    14                18.5
  242   318                 9.6
  242    11                17.7
  242   263                19.1
  243   421                15.9
  243   253                19.9
  244   260                 2.8
  244   378                14.1
  245    22                 5.5
  245   440                12.2
  245   181                25.5
  246   296                 9.2
  246   457                20.6
  246   464                49.9
  247   271                15.8
  247   257                24.3
  248    91                21.8
  248   393                25.5
  248   452                27.2
  249     0                 3.6
  249   100                31.4
  249    94                35.5
  250   306                 4.9
  250   231                26.7
  250   305                  30
  251   193                14.4
  251   363                14.9
  251   221                16.5
  252   477                 5.7
  252   330                16.9
  252    80                19.7
  253   243                19.9
  253   202                22.3
  253    40                22.9
  253   423                27.8
  254   411                   8
  254   375                15.3
  254   366                18.4
  255   397                10.3
  255   108                10.5
  255    45                11.8
  255   459                33.1
  256   151                 4.3
  256   185                 9.3
  256   141                20.4
  257    75                10.1
  257   247                24.3
  257   327                53.7
  258   312                  11
  258   311                14.2
  258   442                47.9
  259   126                 7.5
  259   131                13.1
  259   396                  15
  260   244                 2.8
  260    52                 9.2
  260    78                25.3
  261   428                 7.9
  261   218                 8.7
  261   104                10.3
  262   350                10.7
  262   273                12.2
  262   434                18.6
  263   293                15.7
  263   301                17.3
  263   242                19.1
  264   229                12.3
  264   449                15.9
  265   397                11.3
  265   453                17.3
  265   108                17.7
  266    31                 5.2
  266   146                15.1
  266   153                18.8
  267   112                10.9
  267    15                22.8
  267   220                55.3
  268   158                11.5
  268   376                18.9
  268   174                30.3
  268    62                  33
  269   229                 3.3
  269     9                24.9
  270   392                16.4
  270   123                34.5
  270   341                37.6
  270   378                49.3
  271   437                12.4
  271   247                15.8
  271   155                28.4
  272   278                12.4
  272   147                24.9
  272   284                37.2
  272   462                44.9
  273   262                12.2
  273    69                21.1
  273   471                23.8
  274   309                 7.4
  274    17                15.3
  274   409                15.5
  274   368                27.7
  275   305                10.2
  275    60                13.3
  275   422                32.8
  276   323                13.9
  276   181                22.1
  276    79                46.5
  277    61                 9.2
  277     8                42.5
  277   357                48.3
  278     2                   6
  278   464                 9.4
  278   272                12.4
  279    64                  11
  279   295                14.8
  279   403                20.8
  280   485                 6.2
  280   418                 9.9
  281   153                 8.6
  281   426                  11
  281   157                18.9
  282   184                 6.7
  282   187                14.4
  282   344                39.3
  283   203                 7.9
  283   482                22.6
  283   295                27.5
  283   172                29.1
  284    88                 7.7
  284    71                10.9
  284   272                37.2
  285   100                 2.8
  285   357                 9.9
  285   211                  53
  286   124                13.4
  286    68                19.7
  286   391                27.9
  287    33                   5
  287   170                14.6
  288   226                13.3
  288   317                37.2
  289   491                 4.4
  289   374                 7.4
  289   393                14.5
  290   489                  16
  290   101                23.3
  290   478                46.4
  291   494                   1
  291     3                36.7
  292   347                 5.7
  292    81                21.9
  292   377                  24
  293   105                11.5
  293   263                15.7
  293   400                20.1
  293   143                32.1
  294   135                 3.9
  294   221                  18
  295   279                14.8
  295   419                22.8
  295    68                27.1
  295   283                27.5
  296   246                 9.2
  296    15                10.2
  297    92                   9
  297   473                21.2
  297   164                34.4
  297   103                56.9
  298   159                   6
  298   205                12.3
  298    39                17.7
  299   212                 1.8
  299   193                23.7
  300   462                 5.9
  300   152                14.2
  301    11                   8
  301   263                17.3
  302   108                10.8
  302    45                11.8
  302   154                16.2
  303   219                 6.6
  303   327                 9.5
  304   414                 7.3
  304    83                31.7
  305   275                10.2
  305   121                20.6
  305   250                  30
  306   250                 4.9
  306   467                 6.6
  306   422                13.8
  306   238                14.3
  307    17                16.6
  307   424                22.5
  307   499                40.5
  307    40                43.9
  308    22                 5.6
  308   234                  23
  308     1                31.6
  309   274                 7.4
  309   192                17.1
  309   311                17.2
  310    27                 2.1
  310   450                13.3
  310   133                17.9
  311   258                14.2
  311   309                17.2
  311    17                18.9
  311   377                43.9
  312   167                 9.3
  312   258                  11
  312   418                13.3
  312   217                48.5
  313   364                12.2
  313    67                13.3
  313   361                13.4
  314    36                 5.1
  314   103                21.8
  315   475                 3.3
  315   224                18.1
  315    18                53.6
  316   199                 9.6
  316   132                12.2
  316    54                27.4
  317   209                19.8
  317   288                37.2
  318   171                 8.2
  318   242                 9.6
  318   464                35.1
  319   421                 8.7
  319   336                10.3
  319   134                15.3
  320    91                13.9
  320   449                18.4
  320   445                31.8
  321   480                19.4
  321    77                69.6
  322   461                 4.2
  322   475                43.4
  323   330                10.5
  323   276                13.9
  323    56                  46
  324   421                 3.7
  324   197                 7.7
  325   333                14.6
  325   136                18.4
  325   351                20.6
  325   104                34.9
  326    40                16.2
  326   387                30.1
  326    35                  32
  327   303                 9.5
  327   191                27.4
  327   257                53.7
  328   184                10.2
  328   343                17.2
  328   137                19.9
  328   446                25.6
  329   118                 3.4
  329    56                18.7
  329   385                20.8
  329   354                25.2
  330   163                 9.6
  330   323                10.5
  330   252                16.9
  331   393                15.2
  331    65                45.5
  332   215                21.7
  332   354                22.2
  332    20                24.4
  332   187                43.9
  333   415                13.6
  333   325                14.6
  333   498                20.4
  333    55                21.6
  334   456                20.1
  334   447                20.5
  334   403                28.5
  335   446                11.5
  335   343                14.1
  336   319                10.3
  336   183                13.4
  337   481                 9.3
  337   225                  12
  337   474                14.8
  338   237                 9.8
  338   432                14.3
  338   458                22.4
  339   364                 8.5
  339   394                10.6
  339   169                14.3
  340    35                16.1
  340   448                20.2
  340   125                  25
  341   361                  23
  341   388                33.7
  341   270                37.6
  342    24                 7.4
  342   445                16.3
  342   449                19.9
  343   335                14.1
  343    89                16.4
  343   328                17.2
  344    26                15.3
  344   282                39.3
  344   410                40.6
  345   188                   2
  345   425                29.3
  345   197                37.3
  346   142                 6.6
  346   369                  18
  347   292                 5.7
  347   499                22.6
  348    97                  10
  348   203                  15
  349    72                 8.3
  349   392                14.7
  349   457                18.2
  350   262                10.7
  350    83                11.7
  350   414                35.8
  351    55                 5.4
  351   220                14.7
  351   325                20.6
  352    10                 8.2
  352     3                14.8
  352    61                22.8
  353   183                10.9
  353   115                18.1
  354    57                  21
  354   332                22.2
  354   329                25.2
  355     6                 7.5
  355    44                16.7
  355   388                23.4
  355   231                32.6
  356   443                 6.8
  356   383                 9.3
  356   230                10.1
  357   285                 9.9
  357   131                  25
  357   396                25.2
  357   277                48.3
  358   213                 6.5
  358   110                41.1
  358    91                51.2
  359   116                 6.9
  359    18                12.3
  359   461                28.3
  360   227                11.5
  360   122                13.1
  360   234                15.8
  360     1                28.5
  361   313                13.4
  361    66                13.9
  361   341                  23
  362   162                 2.3
  362   190                11.2
  363   251                14.9
  363     1                26.2
  363   372                90.9
  364   339                 8.5
  364   313                12.2
  364    21                13.6
  365   490                17.2
  365   162                23.7
  365   201                30.4
  366   254                18.4
  366    96                27.6
  367   429                   8
  367    94                13.5
  367   385                15.5
  368   424                 8.3
  368   199                24.1
  368   274                27.7
  369    62                 9.8
  369   470                13.7
  369   346                  18
  370   207                11.9
  370   202                16.1
  370    40                29.2
  371   149                 1.4
  371   170                17.9
  372   218                 6.6
  372   363                90.9
  373   450                21.9
  373   447                33.6
  373   438                36.5
  373   179                42.5
  374   289                 7.4
  374   145                14.6
  374   497                44.3
  375   492                 8.1
  375   254                15.3
  375   216                26.5
  376   439                12.1
  376   240                  13
  376   268                18.9
  377   442                 2.5
  377   292                  24
  377   311                43.9
  378   244                14.1
  378   231                21.9
  378   388                22.6
  378   270                49.3
  379   149                10.6
  379   121                19.2
  379    78                26.9
  380    37                14.5
  380   202                16.4
  380    26                32.8
  381   400                18.2
  381   105                20.8
  381    34                29.8
  381   429                29.9
  382   404                 5.3
  382    84                 6.7
  382    61                 7.1
  383   356                 9.3
  383   198                12.2
  383   219                12.7
  384   195                 9.8
  384   435                 9.9
  384    42                  15
  385    57                 8.5
  385   367                15.5
  385   329                20.8
  386    13                 9.7
  386   225                19.8
  386   398                20.8
  387    54                15.3
  387   166                16.7
  387   326                30.1
  388   378                22.6
  388   355                23.4
  388   341                33.7
  389   226                13.4
  389   497                42.5
  389   492                58.8
  390   468                11.2
  390   182                16.3
  390    14                16.3
  391    54                 7.6
  391   286                27.9
  391    35                28.5
  392    63                12.4
  392   349                14.7
  392   270                16.4
  392    66                22.8
  393   289                14.5
  393   331                15.2
  393   248                25.5
  394   339                10.6
  394   190                14.9
  394   113                28.5
  394   201                33.7
  395   217                 9.5
  395   442                31.6
  396   259                  15
  396   486                21.9
  396   357                25.2
  396   236                27.7
  397   255                10.3
  397   265                11.3
  398    75                 9.2
  398     4                15.9
  398   386                20.8
  399    51                 7.2
  399   139                   8
  399   447                56.6
  400    99                  16
  400   381                18.2
  400   293                20.1
  401   426                 6.6
  401   409                15.7
  402   466                   7
  402     6                  19
  402   176                22.4
  402   478                24.9
  403   419                20.8
  403   279                20.8
  403   334                28.5
  404   382                 5.3
  404   170                26.3
  404   441                48.4
  405   223                 8.4
  405   486                19.9
  406   176                14.9
  406   461                  23
  406   213                34.6
  407    20                18.6
  407   137                22.6
  407   111                  50
  408    93                 8.9
  408   411                 9.9
  408   216                20.2
  408    96                  22
  409   274                15.5
  409   401                15.7
  410   180                16.3
  410   446                19.4
  410   344                40.6
  411   254                   8
  411   408                 9.9
  412    23                 5.9
  412   450                10.6
  413    27                 8.9
  413     9                12.5
  413   484                35.8
  414   304                 7.3
