134
    0    10                22.5
    0    41                36.8
    1    30                 6.9
    1    25                17.8
    2    47                10.6
    2    18                11.5
    2    17                16.2
    3    37                 5.2
    3    29                 5.8
    3    40                20.5
    4    21                11.4
    4    32                  13
    5    47                 7.3
    5    17                11.2
    5     8                21.7
    6    28                 2.3
    6    11                10.7
    7    13                   7
    7    49                13.3
    7    19                19.3
    8    34                 9.7
    8    31                11.3
    8     5                21.7
    9    12                10.7
    9    36                90.2
   10     0                22.5
   10    38                29.7
   10    40                42.7
   11    36                 7.7
   11     6                10.7
   11    31                19.6
   12     9                10.7
   12    15                14.4
   12    14                18.7
   13     7                   7
   13    18                16.7
   14    12                18.7
   14    24                36.6
   15    45                 2.4
   15    12                14.4
   16    23                 4.2
   16    35                14.4
   16    47                23.9
   17     5                11.2
   17     2                16.2
   17    46                18.1
   17    26                40.1
   18    37                 9.3
   18     2                11.5
   18    13                16.7
   19    37                10.2
   19    25                17.1
   19     7                19.3
   20    26                13.4
   20    45                18.7
   20    48                  23
   21     4                11.4
   21    49                21.7
   22    30                  39
   22    42                47.7
   23    16                 4.2
   23    38                13.4
   23    37                31.9
   24    33                   8
   24    44                18.8
   24    14                36.6
   25    40                 6.4
   25    19                17.1
   25     1                17.8
   26    20                13.4
   26    34                24.3
   26    17                40.1
   27    42                12.7
   27    32                24.5
   28     6                 2.3
   28    34                 7.7
   29     3                 5.8
   29    38                25.7
   30     1                 6.9
   30    49                  23
   30    22                  39
   31     8                11.3
   31    11                19.6
   31    35                20.1
   31    47                20.4
   32    39                11.3
   32     4                  13
   32    27                24.5
   33    24                   8
   34    28                 7.7
   34     8                 9.7
   34    26                24.3
   35    16                14.4
   35    31                20.1
   36    11                 7.7
   36     9                90.2
   37     3                 5.2
   37    18                 9.3
   37    19                10.2
   37    23                31.9
   38    23                13.4
   38    29                25.7
   38    10                29.7
   39    43                 4.6
   39    44                 7.8
   39    32                11.3
   40    25                 6.4
   40     3                20.5
   40    41                29.6
   40    10                42.7
   41    40                29.6
   41     0                36.8
   42    27                12.7
   42    22                47.7
   43    39                 4.6
   43    46                56.3
   44    39                 7.8
   44    24                18.8
   44    48                62.8
   45    15                 2.4
   45    20                18.7
   46    48                 7.3
   46    17                18.1
   46    43                56.3
   47     5                 7.3
   47     2                10.6
   47    31                20.4
   47    16                23.9
   48    46                 7.3
   48    20                  23
   48    44                62.8
   49     7                13.3
   49    21                21.7
   49    30                  23
