1480
    0   395                 9.4
    0   249                  18
    0   146                  20
    1   153                20.2
    1    71                32.7
    1   116                  35
    2   413                 8.3
    2   459                35.5
    2   426                42.1
    3   436                 5.8
    3   247                14.2
    4   497                 7.3
    4   218                19.9
    4   183                30.4
    4   404                51.5
    5   389                 4.3
    5   366                  27
    5   491                40.9
    6    29                14.7
    6   323                18.8
    6   163                42.8
    7   231                 8.1
    7   312                34.7
    7    57                52.3
    8   485                11.1
    8    62                33.3
    9   383                 3.6
    9   306                12.8
    9   169                12.9
    9   210                18.8
   10   198                28.5
   11   445                14.4
   11   178                26.8
   11   452                29.5
   12   293                11.4
   12   125                51.1
   13   312                13.9
   13    66                16.9
   13    31                17.8
   13   339                28.5
   14   378                 3.4
   14   143                11.2
   14    63                27.9
   15   123                20.8
   15    56                25.4
   15   216                28.6
   16   440                 9.6
   16   481                26.1
   17   418                10.5
   17    86                13.1
   17   169                17.3
   18    50                19.2
   18    26                21.2
   18   289                26.6
   19    78                11.6
   19   133                15.1
   20   327                   7
   20   316                25.9
   21   338                11.3
   21   452                33.3
   22   140                 2.7
   22   404                 4.9
   23   426                 5.9
   23   427                  12
   23   363                22.9
   23   332                30.1
   24   254                 0.6
   24   396                24.6
   24   439                41.7
   25   351                13.5
   25    76                14.4
   25   249                44.2
   26   203                10.7
   26    18                21.2
   26   394                25.5
   27   459                15.6
   28   253                 2.6
   28   178                  14
   29   252                 4.7
   29   408                10.6
   29     6                14.7
   29   271                34.5
   30   165                 4.6
   30   346                 4.9
   31   198                 5.1
   31   162                 8.3
   31    13                17.8
   32   115                10.8
   33   298                 9.5
   33   351                  21
   33   118                22.3
   34   330                22.6
   34   482                24.4
   34    54                25.1
   35   424                 5.8
   35    88                  17
   36    61                  20
   36   219                21.6
   36   289                24.3
   36   206                30.5
   36   394                49.5
   37   142                 5.3
   37   324                12.7
   37   151                  27
   38   326                 6.4
   38   370                10.3
   39   322                  13
   39   291                21.9
   39   224                24.3
   40   305                 8.7
   40   148                20.2
   40   120                23.3
   41   134                10.2
   41   464                12.4
   41    73                  25
   42   109                 9.4
   42    83                12.8
   42   242                15.8
   43   484                12.8
   43   403                22.7
   43   132                30.6
   43   422                36.8
   44    47                 7.1
   44   156                19.8
   45   487                10.6
   45   273                14.9
   45   480                17.1
   46   499                  18
   46   228                23.1
   46   240                28.5
   46   302                  33
   47    44                 7.1
   47   356                18.1
   47   432                27.8
   48   420                16.1
   48   370                21.7
   48   449                  23
   49   163                12.6
   49   103                13.1
   49   408                29.6
   50    18                19.2
   50   185                25.1
   50   238                26.7
   50   487                45.8
   51   106                12.4
   51   159                15.3
   51   496                19.6
   52   207                 9.6
   52   172                25.6
   53   251                 0.9
   53   189                 6.6
   53   445               115.8
   54   221                20.9
   54    34                25.1
   55   382                14.4
   55   163                20.1
   55   469                38.3
   56   174                18.5
   56   225                20.4
   56    15                25.4
   56   146                35.1
   57    77                22.6
   57   259                22.9
   57   476                25.6
   57     7                52.3
   58   392                 8.3
   58    98                15.2
   58   292                23.7
   59   184                 6.9
   59   406                12.6
   60   135                 6.1
   60   167                 8.3
   61   438                 5.6
   61   385                11.1
   61    36                  20
   62   442                10.8
   62    68                16.7
   62     8                33.3
   63    14                27.9
   63   140                33.5
   64   313                 9.8
   64   141                10.2
   64   322                63.8
   65   190                 2.3
   65   297                36.1
   65   325                52.4
   66   110                10.3
   66   263                11.7
   66    13                16.9
   67   440                  14
   67   262                26.9
   67   412                35.7
   68    62                16.7
   68   103                23.3
   68   387                28.7
   69   229                16.8
   69   268                22.7
   69   488                25.5
   69   259                39.4
   70   135                 2.6
   70    90                30.9
   70   272                36.1
   71   264                 8.9
   71    96                24.8
   71     1                32.7
   72    89                14.5
   72   396                26.1
   72   308                30.5
   72   300                39.1
   73   447                10.2
   73   150                13.3
   73    41                  25
   74   384                10.8
   74   326                33.1
   74   352                41.6
   75   449                 8.9
   75   276                  24
   76   493                 4.9
   76   342                   7
   76    25                14.4
   77   245                 8.3
   77   412                10.7
   77    85                14.2
   77    57                22.6
   78   100                 3.5
   78   151                 9.9
   78    19                11.6
   78   181                15.4
   78   138                34.5
   79   367                 8.7
   79   384                  23
   79   364                24.5
   80   343                 2.6
   80   261                14.8
   81    98                10.8
   81   266                13.6
   81   167                19.5
   81   145                52.9
   82   281                22.9
   82   209                24.4
   82   473                30.8
   82   385                35.8
   83    42                12.8
   83   244                19.7
   83   460                  33
   83   148                37.9
   84   220                18.2
   84   101                20.6
   84   403                30.6
   85   375                 0.8
   85    77                14.2
   85   321                14.8
   86    17                13.1
   86   295                13.2
   86   264                28.8
   87   157                  12
   87   354                14.1
   88    35                  17
   88   171                  18
   88   107                19.8
   89    72                14.5
   89    91                  28
   89   254                37.1
   89   187                41.8
   90   105                   6
   90   435                18.9
   90    70                30.9
   90   179                39.6
   91   462                 9.5
   91   165                22.3
   91    89                  28
   92   215                   4
   92   264                14.5
   93   240                 6.8
   93   209                 7.9
   93   200                13.7
   93   206                28.3
   94   141                   9
   94   419                54.1
   95   328                14.5
   95   193                18.9
   95   125                24.6
   95   445                40.4
   96   191                10.5
   96    71                24.8
   97   130                 9.4
   97   443                18.5
   98    81                10.8
   98    58                15.2
   99   223                16.8
   99   384                29.8
  100    78                 3.5
  100   249                31.4
  101   168                   5
  101    84                20.6
  102   490                  13
  102   359                24.9
  102   452                30.2
  103    49                13.1
  103    68                23.3
  103   430                24.9
  104   451                 7.3
  104   478                 7.9
  104   262                  12
  105    90                   6
  105   299                21.4
  105   165                46.2
  106    51                12.4
  106   470                13.7
  106   300                16.3
  107   177                10.5
  107    88                19.8
  107   266                21.6
  108   366                15.4
  108   158                16.1
  108   112                29.3
  108   365                34.8
  109    42                 9.4
  109   120                 9.6
  110    66                10.3
  110   273                16.8
  110   203                27.6
  111   409                12.2
  111   376                25.6
  111   303                42.1
  111   152                58.2
  112   310                 3.2
  112   450                 7.1
  112   108                29.3
  113   482                 1.5
  113   381                 6.8
  114   462                 2.3
  114   461                 5.8
  114   290                23.2
  115    32                10.8
  115   147                14.5
  115   170                16.2
  116   418                13.8
  116   394                32.7
  116     1                  35
  117   192                13.6
  117   309                16.7
  117   427                24.1
  118   428                22.1
  118    33                22.3
  118   364                29.9
  119   286                11.1
  119   290                12.8
  119   179                15.9
  120   377                 9.2
  120   109                 9.6
  120    40                23.3
  121   317                14.9
  121   287                18.8
  121   160                32.1
  122   466                17.9
  122   460                  20
  123   173                11.8
  123   188                13.2
  123    15                20.8
  123   161                32.5
  124   363                 8.9
  124   426                21.2
  124   391                36.3
  125    95                24.6
  125    12                51.1
  126   175                 8.7
  126   450                12.3
  126   463                13.9
  127   219                10.6
  127   289                17.5
  127   236                17.7
  128   218                 7.9
  128   425                11.4
  128   497                17.6
  129   277                 2.9
  129   447                 8.2
  129   386                22.8
  130    97                 9.4
  130   498                11.3
  130   215                14.5
  131   450                 7.3
  132   179                 5.5
  132    43                30.6
  133    19                15.1
  133   493                16.6
  133   258                24.9
  134    41                10.2
  134   386                15.8
  134   170                25.3
  135    70                 2.6
  135    60                 6.1
  135   186                28.4
  136   402                 8.4
  136   275                27.1
  137   474                10.4
  137   160                25.6
  137   399                50.8
  138   142                 4.5
  138   258                26.7
  138   318                32.1
  138    78                34.5
  139   239                13.5
  139   255                19.4
  140    22                 2.7
  140    63                33.5
  140   183                46.3
  141    94                   9
  141    64                10.2
  141   160                25.7
  142   138                 4.5
  142    37                 5.3
  142   407                20.2
  143    14                11.2
  143   242                  17
  144   375                 9.6
  144   231                  31
  145   214                14.2
  145   417                17.6
  145   186                36.1
  145    81                52.9
  146     0                  20
  146   193                20.7
  146   350                30.4
  146    56                35.1
  147   386                 4.5
  147   115                14.5
  147   294                27.7
  148   239                  14
  148   248                14.1
  148    40                20.2
  148    83                37.9
  149   360                16.8
  149   217                  25
  149   473                32.5
  149   257                47.8
  150   278                11.8
  150    73                13.3
  150   197                21.5
  151    78                 9.9
  151   166                10.5
  151    37                  27
  152   332                  12
  152   336                24.4
  152   363                26.4
  152   111                58.2
  153   339                 7.9
  153     1                20.2
  153   198                23.9
  154   202                13.4
  154   400                15.6
  155   252                 9.9
  155   391                23.1
  155   363                39.6
  156   479                13.2
  156    44                19.8
  156   325                  25
  156   157                31.6
  157    87                  12
  157   156                31.6
  158   108                16.1
  158   175                17.2
  159   361                 6.5
  159   369                11.6
  159    51                15.3
  159   210                25.6
  160   274                 4.2
  160   137                25.6
  160   141                25.7
  160   121                32.1
  161   253                 1.3
  161   233                22.3
  161   123                32.5
  162    31                 8.3
  162   467                10.2
  163    49                12.6
  163    55                20.1
  163   406                  28
  163     6                42.8
  164   365                 1.5
  164   199                   3
  164   182                15.5
  165    30                 4.6
  165    91                22.3
  165   105                46.2
  166   350                 9.2
  166   151                10.5
  166   225                20.1
  166   324                23.6
  167    60                 8.3
  167    81                19.5
  167   180                22.6
  168   101                   5
  168   269                 5.9
  169   295                 9.4
  169     9                12.9
  169    17                17.3
  170   115                16.2
  170   361                17.9
  170   134                25.3
  171    88                  18
  171   266                21.7
  171   330                26.1
  171   381                31.7
  172   248                15.8
  172    52                25.6
  172   460                31.4
  173   393                 1.3
  173   123                11.8
  174   379                11.9
  174   188                12.6
  174    56                18.5
  175   126                 8.7
  175   197                 9.1
  175   158                17.2
  175   491                19.2
  176   368                17.9
  176   315                25.8
  176   313                32.2
  177   107                10.5
  177   392                16.5
  177   311                25.4
  178   358                 6.6
  178    28                  14
  178    11                26.8
  179   132                 5.5
  179   119                15.9
  179   410                23.3
  179    90                39.6
  180   272                10.1
  180   167                22.6
  180   266                29.2
  181   350                 5.1
  181    78                15.4
  181   395                16.7
  182   333                 1.7
  182   343                14.5
  182   164                15.5
  183   242                10.9
  183   377                24.8
  183     4                30.4
  183   140                46.3
  184    59                 6.9
  184   281                   9
  185   347                 4.3
  185   289                24.8
  185    50                25.1
  186   234                 7.6
  186   135                28.4
  186   145                36.1
  187   346                10.7
  187   267                20.5
  187    89                41.8
  188   174                12.6
  188   123                13.2
  189    53                 6.6
  189   222                15.5
  189   235                19.7
  190    65                 2.3
  190   410                17.9
  190   422                  35
  191    96                10.5
  191   476                12.2
  191   259                16.5
  192   117                13.6
  192   232                  24
  192   226                32.9
  193   379                10.1
  193    95                18.9
  193   146                20.7
  194   454                 6.2
  194   398                 7.6
  194   294                 8.7
  195   226                 6.9
  195   214                   7
  195   471                10.3
  196   489                 9.6
  196   456                25.7
  196   410                35.8
  197   175                 9.1
  197   150                21.5
  197   464                33.8
  198    31                 5.1
  198   153                23.9
  198    10                28.5
  198   476                34.6
  199   164                   3
  199   333                14.4
  199   366                27.3
  200   355                 8.7
  200    93                13.7
  201   204                 2.1
  201   373                22.8
  202   154                13.4
  202   227                24.3
  203    26                10.7
  203   372                11.6
  203   110                27.6
  204   201                 2.1
  204   246                  13
  204   433                15.7
  204   367                19.3
  205   349                11.6
  205   402                26.1
  206   302                15.5
  206    93                28.3
  206    36                30.5
  207   250                 5.2
  207    52                 9.6
  208   311                 4.5
  208   334                17.6
  209    93                 7.9
  209    82                24.4
  210   288                   8
  210     9                18.8
  210   159                25.6
  211   270                18.1
  211   409                20.7
  211   267                22.1
  212   312                15.9
  212   260                  19
  212   475                28.6
  213   370                16.8
  213   280                22.4
  214   195                   7
  214   145                14.2
  214   314                17.3
  215    92                   4
  215   130                14.5
  215   295                34.5
  216   278                 6.8
  216   429                27.7
  216    15                28.6
  217   485                10.5
  217   149                  25
  217   387                32.3
  218   128                 7.9
  218     4                19.9
  218   405                25.5
  218   307                39.4
  219   127                10.6
  219   283                12.5
  219   385                17.2
  219    36                21.6
  220   308                12.9
  220    84                18.2
  220   284                20.9
  221   243                 5.3
  221   282                11.5
  221    54                20.9
  222   276                 9.3
  222   189                15.5
  222   494                  21
  222   420                34.4
  223    99                16.8
  223   352                33.5
  224   275                10.8
  224   315                18.8
  224    39                24.3
  225   429                19.1
  225   166                20.1
  225    56                20.4
  226   195                 6.9
  226   441                11.9
  226   192                32.9
  227   202                24.3
  227   401                28.4
  228   496                19.2
  228   296                20.6
  228    46                23.1
  228   470                24.3
  229   423                13.5
  229   498                15.7
  229    69                16.8
  229   318                17.7
  230   436                 2.9
  230   329                 5.9
  230   232                15.6
  231     7                 8.1
  231   144                  31
  232   230                15.6
  232   192                  24
  232   292                32.4
  232   413                46.1
  233   457                16.3
  233   393                20.7
  233   161                22.3
  233   490                26.2
  234   186                 7.6
  234   346                18.2
  234   270                24.7
  235   293                   8
  235   189                19.7
  235   494                20.2
  236   301                 9.1
  236   347                13.4
  236   127                17.7
  237   440                14.5
  237   341                20.7
  238    50                26.7
  238   347                28.5
  238   349                38.7
  238   327                41.3
  239   139                13.5
  239   148                  14
  239   305                26.2
  240    93                 6.8
  240   468                11.5
  240    46                28.5
  241   414                 4.9
  241   416                  19
  242   183                10.9
  242    42                15.8
  242   143                  17
  243   221                 5.3
  243   354                32.5
  243   362                37.7
  244   374                 1.9
  244    83                19.7
  245   337                 6.6
  245    77                 8.3
  245   321                14.9
  246   256                 1.8
  246   341                10.3
  246   204                  13
  247     3                14.2
  247   392                15.2
  247   292                18.2
  248   148                14.1
  248   172                15.8
  248   250                36.5
  249     0                  18
  249   293                31.3
  249   100                31.4
  249    25                44.2
  250   207                 5.2
  250   432                16.3
  250   248                36.5
  251    53                 0.9
  251   276                16.9
  252    29                 4.7
  252   155                 9.9
  252   336                  20
  252   376                34.7
  253   161                 1.3
  253    28                 2.6
  253   328                18.8
  254    24                 0.6
  254   267                22.2
  254    89                37.1
  254   409                37.5
  255   331                 3.2
  255   453                12.4
  255   139                19.4
  256   246                 1.8
  256   265                32.3
  257   399                 4.3
  257   385                21.9
  257   149                47.8
  258   268                21.2
  258   133                24.9
  258   138                26.7
  259   443                10.3
  259   191                16.5
  259    57                22.9
  259    69                39.4
  260   212                  19
  260   273                21.1
  260   431                21.2
  261   405                  13
  261    80                14.8
  261   453                25.7
  262   104                  12
  262   488                12.7
  262    67                26.9
  263   312                10.8
  263    66                11.7
  263   273                21.1
  264    71                 8.9
  264    92                14.5
  264    86                28.8
  265   364                  15
  265   415                24.5
  265   256                32.3
  266    81                13.6
  266   107                21.6
  266   171                21.7
  266   180                29.2
  267   187                20.5
  267   211                22.1
  267   254                22.2
  268   478                16.3
  268   258                21.2
  268    69                22.7
  269   168                 5.9
  269   446                 7.3
  269   335                12.1
  269   484                16.7
  270   211                18.1
  270   417                20.4
  270   234                24.7
  271   391                20.7
  271    29                34.5
  271   430                36.8
  272   180                10.1
  272   455                15.9
  272   456                  21
  272    70                36.1
  273    45                14.9
  273   110                16.8
  273   263                21.1
  273   260                21.1
  274   160                 4.2
  274   448                 7.1
  274   317                  29
  275   348                   8
  275   224                10.8
  275   136                27.1
  276   222                 9.3
  276   251                16.9
  276    75                  24
  277   129                 2.9
  277   294                17.1
  278   216                 6.8
  278   491                 7.4
  278   150                11.8
  279   465                 7.7
  279   422                17.7
  279   495                31.9
  280   304                 8.5
  280   213                22.4
  280   352                24.8
  281   184                   9
  281   469                18.4
  281   468                22.6
  281    82                22.9
  282   221                11.5
  282   356                40.7
  283   399                 5.6
  283   219                12.5
  284   220                20.9
  284   300                30.5
  284   464                32.5
  285   383                  15
  285   361                16.1
  285   477                  26
  286   299                 7.8
  286   119                11.1
  287   399                   6
  287   121                18.8
  287   301                28.6
  288   210                   8
  288   496                 9.4
  288   418                44.2
  289   127                17.5
  289    36                24.3
  289   185                24.8
  289    18                26.6
  290   403                 7.5
  290   119                12.8
  290   114                23.2
  291   315                20.5
  291    39                21.9
  291   313                36.3
  292   471                 8.1
  292   247                18.2
  292    58                23.7
  292   232                32.4
  293   235                   8
  293    12                11.4
  293   249                31.3
  294   194                 8.7
  294   371                 9.8
  294   277                17.1
  294   147                27.7
  295   169                 9.4
  295   306                10.6
  295    86                13.2
  295   215                34.5
  296   486                18.1
  296   228                20.6
  296   396                30.4
  297   489                 2.4
  297   354                 7.5
  297    65                36.1
  298    33                 9.5
  298   420                  12
  298   370                20.3
  299   286                 7.8
  299   461                18.9
  299   105                21.4
  300   369                14.9
  300   106                16.3
  300   284                30.5
  300    72                39.1
  301   236                 9.1
  301   434                12.8
  301   317                20.4
  301   287                28.6
  302   206                15.5
  302    46                  33
  302   418                33.5
  303   417                 0.6
  303   314                10.3
  303   111                42.1
  304   280                 8.5
  304   449                23.9
  305    40                 8.7
  305   453                15.9
  305   239                26.2
  306   295                10.6
  306     9                12.8
  306   477                22.6
  307   357                 1.8
  307   457                16.2
  307   218                39.4
  308   220                12.9
  308    72                30.5
  308   462                36.6
  309   332                11.5
  309   117                16.7
  309   441                19.2
  310   112                 3.2
  310   458                10.6
  310   416                48.1
  311   208                 4.5
  311   400                13.8
  311   177                25.4
  312   263                10.8
  312    13                13.9
  312   212                15.9
  312     7                34.7
  313    64                 9.8
  313   448                21.1
  313   176                32.2
  313   291                36.3
  314   303                10.3
  314   441                13.1
  314   214                17.3
  315   224                18.8
  315   291                20.5
  315   176                25.8
  316   402                12.3
  316    20                25.9
  317   121                14.9
  317   301                20.4
  317   274                  29
  317   368                31.2
  318   229                17.7
  318   390                  19
  318   138                32.1
  319   353                12.5
  319   394                17.6
  320   478                   8
  320   451                 8.1
  320   342                24.4
  321   481                 9.9
  321    85                14.8
  321   245                14.9
  321   380                27.3
  322    39                  13
  322    64                63.8
  323   376                 2.7
  323     6                18.8
  323   382                  28
  324    37                12.7
  324   429                20.9
  324   166                23.6
  325   444                16.4
  325   156                  25
  325   465                46.4
  325    65                52.4
  326    38                 6.4
  326   364                19.1
  326    74                33.1
  327    20                   7
  327   487                38.2
  327   238                41.3
  328   358                   6
  328    95                14.5
  328   253                18.8
  329   230                 5.9
  329   334                10.8
  329   437                43.5
  330    34                22.6
  330   171                26.1
  331   255                 3.2
  331   444                17.3
  331   340                35.6
  332   309                11.5
  332   152                  12
  332    23                30.1
  333   182                 1.7
  333   199                14.4
  333   357                30.1
  333   405                36.1
  334   329                10.8
  334   208                17.6
  334   401                41.8
  335   458                10.1
  335   269                12.1
  335   411                22.5
  336   252                  20
  336   152                24.4
  337   412                 5.6
  337   245                 6.6
  338   404                 3.6
  338    21                11.3
  338   345                19.5
  339   353                 7.6
  339   153                 7.9
  339    13                28.5
  340   414                 8.3
  340   465                17.6
  340   331                35.6
  341   373                 9.2
  341   246                10.3
  341   237                20.7
  342    76                   7
  342   344                  10
  342   320                24.4
  343    80                 2.6
  343   472                13.7
  343   182                14.5
  344   342                  10
  344   428                15.9
  345   359                 1.9
  345   338                19.5
  346    30                 4.9
  346   187                10.7
  346   234                18.2
  347   185                 4.3
  347   434                 7.1
  347   236                13.4
  347   238                28.5
  348   275                   8
  349   397                 9.8
  349   205                11.6
  349   238                38.7
  350   181                 5.1
  350   166                 9.2
  350   146                30.4
  351    25                13.5
  351    33                  21
  351   494                23.6
  352   280                24.8
  352   223                33.5
  352    74                41.6
  353   372                 5.9
  353   339                 7.6
  353   319                12.5
  354   297                 7.5
  354    87                14.1
  354   243                32.5
  355   438                 2.1
  355   200                 8.7
  356    47                18.1
  356   282                40.7
  357   307                 1.8
  357   366                  16
  357   333                30.1
  358   328                   6
  358   178                 6.6
  359   345                 1.9
  359   102                24.9
  359   497                28.5
  360   474                 4.7
  360   149                16.8
  360   485                26.2
  361   159                 6.5
  361   285                16.1
  361   170                17.9
  362   455                15.5
  362   456                17.1
  362   243                37.7
  363   124                 8.9
  363    23                22.9
  363   152                26.4
  363   155                39.6
  364   265                  15
  364   326                19.1
  364    79                24.5
  364   118                29.9
  365   164                 1.5
  365   416                10.2
  365   472                28.3
  365   108                34.8
  366   108                15.4
  366   357                  16
  366     5                  27
  366   199                27.3
  367    79                 8.7
  367   204                19.3
  368   397                 8.8
  368   176                17.9
  368   317                31.2
  369   159                11.6
  369   300                14.9
  370    38                10.3
  370   213                16.8
  370   298                20.3
  370    48                21.7
  371   398                   7
  371   294                 9.8
  372   353                 5.9
  372   203                11.6
  373   341                 9.2
  373   201                22.8
  373   492                34.1
  374   244                 1.9
  374   378                 8.4
  374   466                36.1
  375    85                 0.8
  375   144                 9.6
  376   323                 2.7
  376   111                25.6
  376   252                34.7
  377   120                 9.2
  377   183                24.8
  377   405                26.3
  378    14                 3.4
  378   374                 8.4
  379   193                10.1
  379   174                11.9
  380   421                 3.6
  380   321                27.3
  380   475                  41
  381   455                 6.6
  381   113                 6.8
  381   171                31.7
  382    55                14.4
  382   323                  28
  382   439                29.3
  382   409                30.3
  383     9                 3.6
  383   285                  15
  384    74                10.8
  384    79                  23
  384    99                29.8
  384   433                33.1
  385    61                11.1
  385   219                17.2
  385   257                21.9
  385    82                35.8
  386   147                 4.5
  386   134                15.8
  386   129                22.8
  387   473                 7.7
  387    68                28.7
  387   406                28.9
  387   217                32.3
  388   428                 3.7
  388   451                  13
  389     5                 4.3
  389   393                 9.1
  389   457                23.5
  390   454                   3
  390   318                  19
  391   271                20.7
  391   155                23.1
  391   124                36.3
  392    58                 8.3
  392   247                15.2
  392   177                16.5
  393   173                 1.3
  393   389                 9.1
  393   233                20.7
  394   319                17.6
  394    26                25.5
  394   116                32.7
  394    36                49.5
  395     0                 9.4
  395   181                16.7
  396    24                24.6
  396    72                26.1
  396   296                30.4
  397   368                 8.8
  397   349                 9.8
  397   434                29.4
  398   407                 6.3
  398   371                   7
  398   194                 7.6
  399   257                 4.3
  399   283                 5.6
  399   287                   6
  399   137                50.8
  400   311                13.8
  400   154                15.6
  400   424                17.8
  401   437                22.4
  401   227                28.4
  401   334                41.8
  402   136                 8.4
  402   316                12.3
  402   205                26.1
  403   290                 7.5
  403    43                22.7
  403    84                30.6
  404   338                 3.6
  404    22                 4.9
  404     4                51.5
  405   261                  13
  405   218                25.5
  405   377                26.3
  405   333                36.1
  406    59                12.6
  406   163                  28
  406   387                28.9
  407   398                 6.3
  407   142                20.2
  407   447                29.9
