136
    0    47                  10
    0    45                30.2
    0    30                33.8
    0    42                64.5
    1    45                   6
    1    23                39.9
    2    10                 7.3
    2    13                 9.3
    2    15                35.7
    3    11                12.8
    3     9                15.7
    3    13                19.9
    3    19                  35
    4    25                 7.9
    4    36                20.6
    4    42                23.9
    5    20                18.3
    5    37                21.4
    6    37                13.2
    6    24                14.8
    6    11                16.6
    6    28                27.5
    7    32                 5.7
    7    44                  16
    7    12                32.9
    8    35                12.7
    8    33                14.4
    8    16                21.8
    9     3                15.7
    9    47                18.7
    9    43                42.1
   10     2                 7.3
   10    38                 7.4
   10    34                38.2
   11     3                12.8
   11     6                16.6
   11    40                  27
   12    15                21.4
   12    34                32.8
   12     7                32.9
   13     2                 9.3
   13     3                19.9
   13    26                23.3
   14    29                14.1
   14    40                15.7
   15    43                11.6
   15    12                21.4
   15     2                35.7
   16    37                17.8
   16     8                21.8
   16    39                46.8
   17    49                 4.2
   17    34                19.1
   17    38                35.8
   18    40                10.1
   18    19                15.4
   19    22                11.5
   19    18                15.4
   19    38                21.3
   19     3                  35
   20    29                10.3
   20    31                17.7
   20     5                18.3
   21    33                 4.8
   22    19                11.5
   22    49                53.5
   23    30                29.7
   23     1                39.9
   24     6                14.8
   24    47                20.6
   24    35                21.4
   25    27                 1.7
   25     4                 7.9
   25    44                28.1
   26    43                 8.2
   26    13                23.3
   27    25                 1.7
   27    46                 4.5
   28    29                 9.7
   28     6                27.5
   29    28                 9.7
   29    20                10.3
   29    14                14.1
   30    48                29.5
   30    23                29.7
   30     0                33.8
   31    41                 9.3
   31    20                17.7
   32    42                 3.4
   32     7                 5.7
   32    43                33.4
   33    21                 4.8
   33     8                14.4
   34    17                19.1
   34    12                32.8
   34    10                38.2
   35    45                 4.7
   35     8                12.7
   35    24                21.4
   36    48                 8.2
   36     4                20.6
   37     6                13.2
   37    16                17.8
   37     5                21.4
   38    10                 7.4
   38    19                21.3
   38    17                35.8
   39    41                 2.5
   39    16                46.8
   40    18                10.1
   40    14                15.7
   40    11                  27
   41    39                 2.5
   41    31                 9.3
   42    32                 3.4
   42     4                23.9
   42     0                64.5
   43    26                 8.2
   43    15                11.6
   43    32                33.4
   43     9                42.1
   44     7                  16
   44    25                28.1
   45    35                 4.7
   45     1                   6
   45     0                30.2
   46    27                 4.5
   46    48                27.7
   47     0                  10
   47     9                18.7
   47    24                20.6
   48    36                 8.2
   48    46                27.7
   48    30                29.5
   49    17                 4.2
   49    22                53.5
