1414
    0   324                11.1
    0    90                11.6
    0    54                  13
    1   223                10.8
    1   193                18.7
    1    56                19.8
    1   139                32.5
    2   399                 7.9
    2   184                11.7
    2   113                24.8
    2   242                32.9
    3   109                13.2
    3    78                17.8
    3    11                  31
    4    98                 9.6
    4   183                13.6
    4   202                30.5
    4    26                35.9
    5    61                10.5
    5   323                21.2
    6   257                12.4
    6   246                14.9
    6   136                26.1
    7    50                10.2
    7   322                17.5
    7   235                18.6
    8    95                11.5
    8   497                16.2
    9   389                 5.4
    9   302                15.5
    9   334                33.9
   10   426                11.8
   10   230                15.9
   10    52                17.6
   11   411                17.6
   11   391                26.4
   11     3                  31
   12    39                10.1
   12   498                21.4
   13    63                 9.6
   13   221                17.8
   13    59                29.2
   13   396                37.8
   14   235                61.9
   15    60                16.6
   15    88                32.4
   16    87                12.7
   16    74                  17
   16   311                29.9
   17   245                 8.2
   17   317                21.1
   17   143                28.1
   18   172                 5.5
   18    71                20.1
   18   192                23.3
   18   367                23.3
   19   448                32.1
   20   138                18.5
   20   474                18.6
   20   326                26.9
   21   453                 6.8
   21   411                  12
   21   140                16.9
   22    64                 9.3
   22   262                14.8
   22   450                15.4
   23   454                12.2
   23   292                15.4
   23   216                21.3
   23   476                21.7
   24   360                  13
   24   171                18.2
   24   180                  29
   25   493                   8
   25    85                 8.7
   25   369                11.6
   26   333                12.3
   26   132                12.6
   26   111                12.7
   26     4                35.9
   27    93                 0.8
   27    31                 4.5
   28   478                14.1
   28    89                17.1
   29   119                 4.3
   29   389                27.5
   30   437                11.8
   30   418                21.1
   30   125                  53
   31    27                 4.5
   31    73                 5.8
   31   120                20.6
   32   286                 7.1
   32    40                12.6
   32   495                35.8
   32    37                37.3
   33   441                  14
   33   345                15.5
   33   340                17.3
   33   164                27.1
   34    37                  14
   34   137                21.6
   34   270                25.7
   35   485                18.1
   35   166                  27
   36   163                  12
   36   297                15.1
   36   291                19.8
   37    34                  14
   37   354                30.5
   37    32                37.3
   38   483                 8.9
   38   112                15.2
   38   250                15.3
   39   447                 5.7
   39    12                10.1
   39   343                32.9
   40   432                 3.7
   40   206                   7
   40    32                12.6
   41   338                10.3
   41   248                13.9
   41   118                17.9
   42    65                14.6
   42   431                16.8
   43   428                 5.4
   43   380                14.9
   43   486                26.2
   44   117                 3.6
   44   384                  28
   45   150                 9.5
   45   424                14.4
   45   338                33.3
   45   378                38.6
   46    79                 3.4
   46   474                11.9
   47   295                12.4
   47    57                18.4
   47   308                19.2
   48   285                  16
   48   395                21.8
   48   473                23.2
   49   418                 9.3
   49   437                21.2
   50     7                10.2
   50   449                  16
   51   433                16.2
   51   464                20.1
   51   365                21.2
   51   471                23.3
   52   482                 1.6
   52    10                17.6
   53   483                 4.9
   54     0                  13
   54   233                27.2
   54   368                39.5
   55   130                 6.1
   55   387                11.2
   55   303                13.1
   56     1                19.8
   56   451                21.6
   56   162                25.1
   56   267                27.7
   57    47                18.4
   57   144                19.4
   57   273                50.7
   58   144                 6.3
   58   188                11.3
   59   141                13.4
   59   223                16.7
   59    13                29.2
   60    96                14.5
   60    15                16.6
   60   314                26.1
   61   403                 6.8
   61     5                10.5
   61   165                  19
   62   255                13.9
   62   113                14.8
   62   399                  21
   62   478                29.4
   63    13                 9.6
   63   397                12.2
   63   404                12.3
   64    22                 9.3
   64   103                 9.5
   65    67                 0.5
   65    42                14.6
   66   477                19.4
   66   469                27.4
   66   404                34.5
   67    65                 0.5
   67   296                 6.3
   68   436                 2.3
   68   252                11.3
   68   440                  21
   69   180                 5.6
   69   327                18.5
   69   130                23.1
   70   225                28.9
   70    85                31.8
   71    18                20.1
   71    90                21.3
   71   162                23.8
   72   400                 4.2
   72   301                  25
   72   373                  25
   73    31                 5.8
   73   495                16.9
   73   478                25.6
   74   118                 5.6
   74   229                 9.7
   74    16                  17
   75   107                 5.3
   75   185                31.8
   76   230                 6.1
   76   123                11.5
   77   434                 1.3
   77   343                32.5
   78   487                10.7
   78     3                17.8
   78   411                32.7
   79    46                 3.4
   79   443                14.2
   80   122                 9.8
   80   328                10.8
   80   359                19.8
   80   252                22.4
   81   236                14.9
   81   280                24.5
   81   342                  38
   82   332                 8.1
   82   376                15.8
   82    88                  31
   83   102                22.6
   83   334                24.8
   83   435                  31
   83   414                42.4
   84   102                 4.5
   84   286                45.9
   85    25                 8.7
   85    70                31.8
   85   213                52.6
   86   477                12.1
   86   371                24.6
   86   235                35.1
   86   221                39.8
   87   157                 7.5
   87    16                12.7
   87   110                19.6
   88   173                 9.7
   88   463                13.3
   88    82                  31
   88    15                32.4
   89   255                15.9
   89    28                17.1
   90     0                11.6
   90   268                18.3
   90    71                21.3
   90   451                27.4
   91   444                26.9
   91   276                  31
   91   254                42.4
   92   445                 1.9
   92   269                23.6
   92   339                39.5
   93    27                 0.8
   93   290                13.8
   94   479                 2.8
   94   152                 8.7
   94   382                10.4
   94   330                41.3
   95   174                   4
   95     8                11.5
   95   219                14.7
   96    60                14.5
   96   458                14.7
   96   311                37.6
   97   447                12.5
   97   328                24.1
   97   470                53.7
   98     4                 9.6
   98   497                30.7
   98   276                32.2
   98   445                49.1
   99   379                 9.5
   99   298                22.1
   99   460                27.7
   99   125                31.6
  100   171                 4.2
  100   433                21.2
  100   425                33.1
  101   455                 5.8
  101   361                15.8
  102    84                 4.5
  102    83                22.6
  103    64                 9.5
  104   429                 7.8
  104   197                17.5
  104   308                36.1
  104   240                37.3
  105   322                 9.7
  105   133                21.2
  105   179                25.7
  106   387                   6
  106   250                  13
  107    75                 5.3
  107   494                 7.4
  108   460                 5.6
  108   385                27.3
  109     3                13.2
  109   416                15.1
  109   305                17.8
  109   417                34.8
  110   496                 4.7
  110   311                12.9
  110    87                19.6
  111   159                11.5
  111    26                12.7
  111   353                14.3
  112    38                15.2
  112   486               178.2
  113    62                14.8
  113   335                19.7
  113     2                24.8
  114   319                 9.1
  114   208                18.4
  115   207                16.9
  115   262                22.9
  115   288                24.2
  115   471                42.1
  116   156                 3.7
  117    44                 3.6
  117   238                10.3
  118    74                 5.6
  118   127                14.7
  118    41                17.9
  119    29                 4.3
  119   481                 9.2
  119   488                17.2
  119   413                22.6
  120    31                20.6
  120   156                24.5
  120   478                24.5
  121   468                31.8
  121   261                51.1
  122    80                 9.8
  122   273                50.6
  123   482                10.1
  123    76                11.5
  123   222                28.4
  124   314                 5.7
  124   335                27.8
  125   188                15.4
  125    99                31.6
  125    30                  53
  126   266                 8.5
  126   209                 9.6
  127   317                 9.5
  127   118                14.7
  127   309                22.7
  128   492                   6
  128   361                  13
  128   442                27.4
  129   394                 3.4
  129   351                15.8
  129   235                19.6
  129   340                47.1
  130    55                 6.1
  130    69                23.1
  131   319                 9.9
  131   272                10.5
  132    26                12.6
  132   224                24.8
  132   348                40.4
  133   105                21.2
  134   205                   5
  134   464                19.3
  134   226                30.2
  135   147                 8.4
  135   436                22.4
  135   260                22.6
  136   364                24.1
  136     6                26.1
  136   142                33.6
  136   199                38.8
  136   169                  50
  137   208                11.4
  137    34                21.6
  137   272                31.2
  138   383                11.2
  138    20                18.5
  138   288                41.5
  139   254                16.5
  139   267                17.8
  139   149                22.2
  139     1                32.5
  140   278                 8.1
  140    21                16.9
  140   215                19.6
  141   149                 1.5
  141    59                13.4
  141   244                28.9
  142   238                21.7
  142   281                22.8
  142   136                33.6
  143   338                 8.2
  143   424                26.7
  143    17                28.1
  144   494                 4.7
  144    58                 6.3
  144    57                19.4
  145   265                 6.8
  145   292                 6.8
  145   341                10.1
  146   299                  10
  146   217                14.1
  146   473                  19
  147   135                 8.4
  147   390                24.3
  147   214                25.5
  147   347                36.4
  148   465                 7.8
  148   300                18.8
  148   489                22.1
  149   141                 1.5
  149   139                22.2
  149   444                30.3
  150    45                 9.5
  150   456                11.4
  150   373                21.7
  151   455                 3.7
  152   313                 7.8
  152    94                 8.7
  152   166                15.2
  153   349                 9.8
  153   333                18.2
  153   405                53.5
  154   243                   5
  154   264                  17
  154   326                25.4
  154   474                37.3
  155   182                 5.4
  155   318                 5.6
  156   116                 3.7
  156   191                 4.4
  156   120                24.5
  157   248                   6
  157    87                 7.5
  157   170                  11
  158   450                 6.3
  158   383                16.8
  158   465                70.6
  159   111                11.5
  159   452                14.6
  160   212                 4.2
  160   273                29.4
  161   265                  19
  161   271                29.1
  162   374                 9.1
  162    71                23.8
  162    56                25.1
  163   198                 3.9
  163    36                  12
  164   323                 4.2
  164   203                18.6
  164    33                27.1
  165   323                 8.5
  165   362                16.4
  165    61                  19
  166   382                 4.2
  166   152                15.2
  166   291                20.5
  166    35                  27
  167   479                 7.7
  167   181                 8.4
  167   201                20.1
  168   249                 6.3
  168   246                 8.1
  168   321                30.1
  168   433                50.6
  169   453                14.7
  169   487                27.1
  169   136                  50
  170   157                  11
  170   400                  28
  171   100                 4.2
  171   365                10.9
  171    24                18.2
  172    18                 5.5
  172   268                21.9
  172   277                  62
  173    88                 9.7
  173   376                  31
  174    95                   4
  174   232                43.7
  175   198                   9
  175   297                22.6
  175   288                27.3
  175   283                32.3
  176   227                 9.6
  176   189                14.7
  177   208                12.6
  177   270                15.6
  178   307                19.1
  178   337                19.4
  178   251                20.5
  179   477                 7.1
  179   105                25.7
  179   284                30.9
  180   253                 3.4
  180    69                 5.6
  180    24                  29
  181   167                 8.4
  181   368                 9.8
  181   346                15.6
  182   155                 5.4
  182   370                 9.8
  183   218                  12
  183     4                13.6
  183   349                16.9
  184     2                11.7
  184   495                13.3
  184   206                29.2
  185   429                 5.9
  185   358                14.3
  185    75                31.8
  186   247                 3.7
  186   378                21.9
  186   343                22.7
  187   417                 4.4
  187   199                15.8
  187   413                23.3
  188    58                11.3
  188   125                15.4
  188   359                  34
  189   176                14.7
  189   433                18.3
  189   281                  23
  190   341                 6.2
  190   265                 9.1
  190   380                56.6
  191   272                 1.1
  191   156                 4.4
  192   461                  12
  192   462                  17
  192    18                23.3
  193   374                13.8
  193     1                18.7
  193   396                  36
  194   396                13.5
  194   397                20.6
  194   407                42.6
  195   434                 9.3
  195   334                24.1
  195   280                39.1
  196   369                11.3
  196   336                17.7
  196   231                  30
  197   438                  13
  197   104                17.5
  198   163                 3.9
  198   287                   5
  198   175                   9
  199   187                15.8
  199   475                29.6
  199   136                38.8
  200   281                12.5
  200   364                  16
  201   356                13.4
  201   167                20.1
  202   348                 8.1
  202     4                30.5
  203   336                 3.5
  203   164                18.6
  204   371                11.6
  204   244                23.8
  204   232                49.2
  205   471                 4.5
  205   134                   5
  205   207                37.5
  206    40                   7
  206   184                29.2
  206   242                34.2
  207   457                 6.6
  207   115                16.9
  207   205                37.5
  208   137                11.4
  208   177                12.6
  208   114                18.4
  209   126                 9.6
  210   375                 9.1
  210   261                16.8
  211   236                12.1
  211   461                23.2
  211   310                31.7
  212   160                 4.2
  212   470                 5.4
  212   398                  18
  213   351                  15
  213   219                40.6
  213    85                52.6
  214   260                 3.5
  214   379                13.1
  214   459                14.2
  214   147                25.5
  215   499                10.6
  215   140                19.6
  216    23                21.3
  216   224                24.8
  216   261                35.9
  216   490                37.3
  217   146                14.1
  217   442                17.6
  217   395                19.7
  218   183                  12
  218   333                17.3
  219   225                11.5
  219    95                14.7
  219   213                40.6
  220   320                12.8
  220   241                32.2
  220   380                41.1
  220   341                52.2
  221   392                13.2
  221    13                17.8
  221    86                39.8
  222   355                 1.7
  222   241                 7.9
  222   331                16.8
  222   123                28.4
  223     1                10.8
  223    59                16.7
  224   216                24.8
  224   132                24.8
  224   353                28.9
  225   219                11.5
  225   405                28.2
  225    70                28.9
  226   483                 9.4
  226   457                18.5
  226   134                30.2
  227   258                   8
  227   372                 8.4
  227   377                 8.8
  227   176                 9.6
  228   336                15.9
  228   345                21.9
  229    74                 9.7
  230    76                 6.1
  230   233                 6.2
  230    10                15.9
  231   394                 9.7
  231   345                21.9
  231   196                  30
  232   276                  10
  232   174                43.7
  232   204                49.2
  233   230                 6.2
  233   419                10.2
  233    54                27.2
  233   331                45.5
  234   247                14.9
  234   424                20.6
  235     7                18.6
  235   129                19.6
  235    86                35.1
  235    14                61.9
  236   274                 8.3
  236   211                12.1
  236    81                14.9
  236   279                27.5
  237   406                13.4
  237   280                20.8
  238   117                10.3
  238   142                21.7
  238   372                22.6
  239   469                17.6
  239   388                17.7
  239   398                21.1
  240   484                 6.1
  240   104                37.3
  241   222                 7.9
  241   381                14.5
  241   482                  26
  241   220                32.2
  242   301                18.1
  242   335                27.7
  242     2                32.9
  242   206                34.2
  243   154                   5
  243   330                16.4
  243   368                27.6
  244   444                 4.8
  244   392                16.3
  244   204                23.8
  244   141                28.9
  245    17                 8.2
  245   390                  12
  246   168                 8.1
  246     6                14.9
  247   186                 3.7
  247   415                14.1
  247   234                14.9
  248   157                   6
  248    41                13.9
  248   373                19.4
  249   168                 6.3
  249   364                 9.2
  250   106                  13
  250    38                15.3
  250   303                17.1
  251   434                11.1
  251   178                20.5
  252    68                11.3
  252    80                22.4
  253   180                 3.4
  253   365                17.8
  253   464                21.5
  254   426                12.6
  254   139                16.5
  254   269                19.6
  254    91                42.4
  255   376                 7.9
  255    62                13.9
  255    89                15.9
  256   388                 4.7
  256   284                14.9
  257     6                12.4
  257   450                  27
  257   475                40.9
  258   227                   8
  258   281                23.1
  259   384                 2.5
  259   453                37.9
  260   214                 3.5
  260   316                13.8
  260   135                22.6
  261   353                12.6
  261   210                16.8
  261   216                35.9
  261   121                51.1
  262    22                14.8
  262   115                22.9
  262   383                25.6
  263   457                11.1
  263   483                13.7
  263   352                33.5
  264   324                 5.5
  264   154                  17
  265   145                 6.8
  265   190                 9.1
  265   161                  19
  266   126                 8.5
  266   371                13.9
  267   357                 2.8
  267   426                11.5
  267   139                17.8
  267    56                27.7
  268   443                 5.4
  268    90                18.3
  268   172                21.9
  269   254                19.6
  269   401                22.2
  269    92                23.6
  270   177                15.6
  270   391                17.9
  270    34                25.7
  271   428                 9.2
  271   161                29.1
  272   191                 1.1
  272   131                10.5
  272   290                25.9
  272   137                31.2
  273   388                21.6
  273   160                29.4
  273   122                50.6
  273    57                50.7
  274   236                 8.3
  274   300                  17
  274   306                33.6
  275   496                12.6
  275   458                20.7
  276   232                  10
  276    91                  31
  276    98                32.2
  277   383                11.9
  277   172                  62
  278   439                 6.9
  278   140                 8.1
  278   391                14.8
  279   367                14.9
  279   300                20.4
  279   236                27.5
  280   237                20.8
  280    81                24.5
  280   306                30.7
  280   195                39.1
  281   200                12.5
  281   142                22.8
  281   189                  23
  281   258                23.1
  282   472                13.6
  282   395                18.4
  282   386                28.1
  283   326                 2.8
  283   330                11.6
  283   175                32.3
  284   469                13.5
  284   256                14.9
  284   179                30.9
  284   361                61.3
  285   491                12.6
  285    48                  16
  285   296                16.8
  286    32                 7.1
  286   432                 8.8
  286    84                45.9
  287   198                   5
  287   393                 5.7
  288   115                24.2
  288   175                27.3
  288   138                41.5
  289   366                 4.6
  289   456                 6.8
  289   301                 9.9
  290    93                13.8
  290   272                25.9
  291    36                19.8
  291   166                20.5
  292   145                 6.8
  292    23                15.4
  293   380                18.8
  293   486                21.6
  293   485                27.1
  293   331                46.3
  294   458                10.6
  294   314                11.1
  294   400                39.9
  295    47                12.4
  295   492                23.6
  295   388                40.8
  296    67                 6.3
  296   285                16.8
  296   395                22.2
  297    36                15.1
  297   175                22.6
  297   352                  32
  298   344                 6.9
  298   459                   8
  298    99                22.1
  299   146                  10
  299   304                16.3
  299   441                31.3
  300   274                  17
  300   148                18.8
  300   279                20.4
  300   481                23.5
  301   289                 9.9
  301   242                18.1
  301    72                  25
  302     9                15.5
  302   488                17.7
  302   435                21.9
  303    55                13.1
  303   250                17.1
  304   442                 3.6
  304   299                16.3
  305   109                17.8
  305   315                25.9
  305   435                27.1
  306   389                 3.4
  306   280                30.7
  306   274                33.6
  307   406                 7.5
  307   178                19.1
  307   350                20.9
  308    47                19.2
  308   494                26.6
  308   104                36.1
  308   312                36.3
  309   480                16.5
  309   127                22.7
  310   342                   6
  310   462                21.7
  310   211                31.7
  311   110                12.9
  311    16                29.9
  311    96                37.6
  312   402                10.9
  312   308                36.3
  313   356                 3.4
  313   152                 7.8
  314   124                 5.7
  314   332                 9.5
  314   294                11.1
  314    60                26.1
  315   354                   4
  315   305                25.9
  316   408                 3.1
  316   260                13.8
  316   359                15.5
  317   127                 9.5
  317    17                21.1
  317   480                27.6
  318   155                 5.6
  318   327                 9.2
  319   114                 9.1
  319   131                 9.9
  319   410                58.1
  320   220                12.8
  320   339                17.7
  320   490                33.2
  320   348                51.9
  321   471                29.6
  321   168                30.1
  322   105                 9.7
  322     7                17.5
  323   164                 4.2
  323   165                 8.5
  323     5                21.2
  324   264                 5.5
  324     0                11.1
  324   443                15.1
  325   438                 8.9
  325   472                11.9
  325   431                18.6
  325   484                35.4
  326   283                 2.8
  326   154                25.4
  326    20                26.9
  327   370                 8.9
  327   318                 9.2
  327    69                18.5
  328    80                10.8
  328    97                24.1
  329   384                  10
  329   499                15.1
  330   283                11.6
  330   243                16.4
  330   393                21.3
  330    94                41.3
  331   222                16.8
  331   346                22.3
  331   233                45.5
  331   293                46.3
  332    82                 8.1
  332   314                 9.5
  333    26                12.3
  333   452                  16
  333   218                17.3
  333   153                18.2
  334   195                24.1
  334    83                24.8
  334     9                33.9
  335   113                19.7
  335   400                21.3
  335   242                27.7
  335   124                27.8
  336   203                 3.5
  336   228                15.9
  336   196                17.7
  336   493                23.8
  337   498                  13
  337   178                19.4
  337   350                21.2
  338   143                 8.2
  338    41                10.3
  338    45                33.3
  339   381                12.7
  339   320                17.7
  339    92                39.5
  340   449                14.8
  340    33                17.3
  340   129                47.1
  341   190                 6.2
  341   145                10.1
  341   220                52.2
  342   310                   6
  342   396                14.5
  342    81                  38
  343   186                22.7
  343    77                32.5
  343    39                32.9
  344   298                 6.9
  344   347                14.1
  345    33                15.5
  345   231                21.9
  345   228                21.9
  346   181                15.6
  346   331                22.3
  347   430                14.1
  347   344                14.1
  347   480                  25
  347   147                36.4
  348   202                 8.1
  348   132                40.4
  348   320                51.9
  349   153                 9.8
  349   497                11.6
  349   183                16.9
  350   307                20.9
  350   337                21.2
  350   470                24.6
  351   213                  15
  351   129                15.8
  352   297                  32
  352   263                33.5
  353   261                12.6
  353   111                14.3
  353   375                  18
  353   224                28.9
  354   315                   4
  354    37                30.5
  355   222                 1.7
  356   313                 3.4
  356   201                13.4
  356   485                16.6
  357   267                 2.8
  357   419                22.9
  358   185                14.3
  358   437                26.4
  359   316                15.5
  359    80                19.8
  359   188                  34
  360    24                  13
  360   421                13.8
  361   128                  13
  361   101                15.8
  361   284                61.3
  362   420                 5.5
  362   441                10.4
  362   165                16.4
  363   489                 9.1
  363   413                12.7
  363   481                21.8
  364   249                 9.2
  364   200                  16
  364   136                24.1
  365   171                10.9
  365   253                17.8
  365    51                21.2
  366   289                 4.6
  367   279                14.9
  367   461                20.9
  367    18                23.3
  367   465                26.6
  368   181                 9.8
  368   243                27.6
  368    54                39.5
  369   196                11.3
  369    25                11.6
  370   422                 4.1
  370   327                 8.9
  370   182                 9.8
  371   204                11.6
  371   266                13.9
  371    86                24.6
  372   227                 8.4
  372   238                22.6
  373   248                19.4
  373   150                21.7
  373    72                  25
  374   462                 6.8
  374   162                 9.1
  374   193                13.8
  375   210                 9.1
  375   427                  15
  375   353                  18
  376   255                 7.9
  376    82                15.8
  376   173                  31
  377   227                 8.8
  377   425                18.3
  378   186                21.9
  378   414                22.2
  378    45                38.6
  379   408                 9.1
  379    99                 9.5
  379   214                13.1
  380    43                14.9
  380   293                18.8
  380   220                41.1
  380   190                56.6
  381   446                 5.9
  381   339                12.7
  381   241                14.5
  382   166                 4.2
  382    94                10.4
  382   393                37.5
  383   138                11.2
  383   277                11.9
  383   158                16.8
  383   262                25.6
  384   259                 2.5
  384   329                  10
  384    44                  28
  385   418                   8
  385   108                27.3
  386   402                10.5
  386   282                28.1
  387   106                   6
  387    55                11.2
  387   464                19.5
  388   256                 4.7
  388   239                17.7
  388   273                21.6
  388   295                40.8
  389   306                 3.4
  389     9                 5.4
  389    29                27.5
  390   245                  12
  390   147                24.3
  390   409                26.6
  390   424                  39
  391   278                14.8
  391   270                17.9
  391    11                26.4
  392   221                13.2
  392   244                16.3
  393   287                 5.7
  393   330                21.3
  393   382                37.5
  394   129                 3.4
  394   231                 9.7
  395   282                18.4
  395   217                19.7
  395    48                21.8
  395   296                22.2
  396   194                13.5
  396   342                14.5
  396   193                  36
  396    13                37.8
  397    63                12.2
  397   194                20.6
  398   212                  18
  398   239                21.1
  398   404                39.3
  399     2                 7.9
  399   495                17.8
  399    62                  21
  400    72                 4.2
  400   335                21.3
  400   170                  28
  400   294                39.9
  401   482                11.2
  401   446                13.1
  401   269                22.2
  402   386                10.5
  402   312                10.9
  403    61                 6.8
  403   473                28.5
  403   491                43.3
  404    63                12.3
  404    66                34.5
  404   398                39.3
  405   225                28.2
  405   153                53.5
  406   407                 6.6
  406   307                 7.5
  406   237                13.4
  407   406                 6.6
  407   194                42.6
  408   316                 3.1
  408   379                 9.1
  409   415                 8.8
  409   390                26.6
  409   436                28.3
  410   439                 8.1
  410   319                58.1
  411    21                  12
  411    11                17.6
  411    78                32.7
  412   454                 5.3
  412   423                  10
  412   468                17.1
  413   363                12.7
  413   416                20.5
  413   119                22.6
  413   187                23.3
  414   378                22.2
  414   432                37.8
  414    83                42.4
  415   409                 8.8
  415   247                14.1
  416   109                15.1
  416   413                20.5
  417   187                 4.4
  417   487                15.2
  417   109                34.8
  418   385                   8
  418    49                 9.3
  418    30                21.1
  419   451                 7.2
  419   233                10.2
  419   357                22.9
  420   362                 5.5
  420   473                15.2
  421   425                13.7
  421   360                13.8
  422   370                 4.1
  423   412                  10
  423   476                16.9
  424    45                14.4
  424   234                20.6
  424   143                26.7
  424   390                  39
  425   421                13.7
  425   377                18.3
  425   100                33.1
  426   267                11.5
