140
    0    30                13.5
    0    40                13.9
    0    18                17.2
    1     6                 9.3
    1    20                19.2
    1    33                25.9
    2     9                 6.9
    2     6                21.7
    2    49                33.1
    3    19                10.6
    3    10                22.9
    3    31                33.9
    4    25                 3.2
    4    45                13.6
    4    38                16.5
    5    41                18.8
    5    30                  66
    6     1                 9.3
    6    28                15.4
    6     2                21.7
    7    14                12.9
    7    39                24.1
    7    33                33.3
    7    37                44.8
    8    24                  13
    9     2                 6.9
    9    33                15.6
    9    48                26.4
   10    24                14.2
   10     3                22.9
   10    22                35.7
   11    44                11.9
   11    42                23.8
   11    32                25.3
   12    46                28.4
   12    39                36.6
   13    29                 6.6
   13    35                11.9
   13    21                20.5
   14    46                 7.4
   14     7                12.9
   14    44                  34
   15    30                 2.9
   16    43                 7.6
   16    47                14.9
   16    38                17.6
   17    43                 7.6
   17    27                  27
   18     0                17.2
   18    35                22.4
   19    21                 2.3
   19     3                10.6
   19    41                10.9
   20     1                19.2
   20    34                36.2
   20    39                55.7
   21    19                 2.3
   21    13                20.5
   21    23                29.6
   22    31                 9.8
   22    10                35.7
   23    45                20.2
   23    21                29.6
   23    49                30.5
   24     8                  13
   24    10                14.2
   24    41                20.2
   25     4                 3.2
   25    48                17.2
   26    27                11.1
   26    36                12.8
   27    26                11.1
   27    32                21.4
   27    17                  27
   28    40                 4.6
   28     6                15.4
   28    34                  22
   29    13                 6.6
   29    41                16.7
   30    15                 2.9
   30    34                13.4
   30     0                13.5
   30     5                  66
   31    22                 9.8
   31     3                33.9
   31    43                37.4
   32    27                21.4
   32    11                25.3
   32    38                26.5
   33     9                15.6
   33     1                25.9
   33     7                33.3
   34    30                13.4
   34    28                  22
   34    20                36.2
   35    13                11.9
   35    18                22.4
   35    49                24.2
   36    26                12.8
   37    48                 9.4
   37    44                27.8
   37     7                44.8
   38     4                16.5
   38    16                17.6
   38    32                26.5
   38    44                  31
   39     7                24.1
   39    12                36.6
   39    20                55.7
   40    28                 4.6
   40     0                13.9
   40    49                22.1
   41    19                10.9
   41    29                16.7
   41     5                18.8
   41    24                20.2
   42    11                23.8
   42    46                24.2
   43    17                 7.6
   43    16                 7.6
   43    31                37.4
   44    11                11.9
   44    37                27.8
   44    38                  31
   44    14                  34
   45    47                 5.5
   45     4                13.6
   45    23                20.2
   46    14                 7.4
   46    42                24.2
   46    12                28.4
   47    45                 5.5
   47    16                14.9
   48    37                 9.4
   48    25                17.2
   48     9                26.4
   49    40                22.1
   49    35                24.2
   49    23                30.5
   49     2                33.1
