1444
    0   353                 9.9
    0   356                40.7
    0   380                  41
    1   188                10.5
    1   186                10.9
    1   161                44.5
    2   233                 3.4
    2    81                 4.5
    3   467                 3.4
    3   275                28.4
    4   251                 2.2
    4   358                11.3
    4   285                15.3
    5   334                  13
    5   216                14.8
    6   434                 3.1
    6    53                16.5
    7   207                  10
    7    63                22.2
    7    83                22.9
    8   186                27.3
    8   387                28.7
    8   194                42.9
    9   277                12.2
    9   351                21.3
   10   375                   2
   10   272                17.5
   11   336                 9.5
   11   158                16.8
   11   372                22.6
   12   349                 4.2
   12   249                32.2
   12   462                57.3
   13   136                12.5
   13   150                16.5
   14    27                13.7
   14   368                13.7
   14   482                16.2
   15   113                 8.5
   15   455                 9.1
   15    25                34.2
   16    31                11.8
   17    89                 7.1
   17   331                17.6
   18   143                 7.9
   18   343                26.2
   18   217                36.3
   19   147                 7.8
   19   129                25.9
   19   253                28.9
   19    95                40.6
   20   450                 4.6
   20   460                 5.8
   20    54                 7.5
   21   364                 9.7
   21    84                12.6
   22   100                 9.3
   22   208                10.2
   23   229                10.9
   24   414                   6
   24   346                14.7
   24   341                35.1
   25    48                   9
   25    15                34.2
   26   188                15.4
   26   186                  16
   26   420                32.9
   26   468                34.5
   27   294                10.1
   27    14                13.7
   27   471                14.4
   27    53                39.5
   28   438                 5.9
   28   220                35.8
   29   125                 7.6
   29   103                11.8
   29   304                14.1
   30   281                 9.3
   30   207                  20
   30   396                24.2
   31   458                 9.9
   31    16                11.8
   31   464                  50
   32   229                  16
   32   412                37.1
   32   498                44.1
   32   393                  47
   33   121                 5.4
   33   415                12.3
   34   449                10.6
   34   107                14.6
   35   485                12.5
   35   287                18.6
   35   424                19.1
   36   118                  13
   36   397                17.1
   37   334                 4.9
   37   141                  15
   38    97                11.5
   38   185                12.6
   38   202                13.9
   39   344                  11
   39   232                15.1
   39   494                30.3
   39   241                32.9
   40   163                 1.8
   40    46                 8.3
   40   437                40.4
   41   115                 6.1
   41   213                  11
   42   194                   7
   42   216                14.8
   42   138                24.7
   43   337                 7.2
   43   495                30.2
   43   101                  37
   44    89                 9.5
   44   331                13.6
   44   405                27.7
   44   479                72.2
   45   262                 3.1
   45   422                 9.9
   45   420                10.5
   46    40                 8.3
   46   203                 9.2
   46   247                21.3
   47   389                13.4
   47   476                14.1
   47    79                20.4
   47    72                28.9
   48    75                 7.3
   48    25                   9
   48   332                41.1
   49   411                25.9
   49   146                  26
   49    50                  49
   50   196                 9.3
   50   394                24.5
   50    49                  49
   51    73                 5.6
   51   308                24.2
   51   132                25.3
   52    71                13.3
   52   248                15.9
   52   459                20.5
   53   105                   4
   53     6                16.5
   53    27                39.5
   54    20                 7.5
   54   187                11.8
   55   120                 7.4
   55   258                21.5
   56   393                 4.4
   56   465                22.4
   57   477                 9.9
   57   436                36.8
   58   467                10.8
   58   161                17.1
   58    83                23.3
   59   310                10.5
   59   155                28.3
   59   199                33.7
   60   180                   5
   60   372                21.4
   60   475                40.7
   61   487                 7.2
   61   181                16.2
   61   223                24.9
   62   403                 7.1
   62   391                 9.1
   62   359                37.8
   63   360                  14
   63   214                22.2
   63     7                22.2
   63   143                25.5
   64   107                  18
   64   468                18.6
   64   132                31.3
   65   110                13.6
   65   373                13.7
   65   279                20.4
   65   283                38.1
   66   395                 7.2
   66   371                14.1
   66   151                31.9
   67   131                 6.8
   67   418                21.8
   67   260                38.2
   68   425                 5.5
   68   355                11.5
   68   335                  34
   69   411                 3.9
   69   203                16.4
   69   268                35.6
   70   487                 4.4
   70   348                28.2
   70   298                31.2
   71    52                13.3
   71   432                  17
   71   195                18.4
   71   321                22.7
   72   284                12.2
   72   404                13.2
   72    47                28.9
   73    51                 5.6
   73   131                11.2
   73   302                44.1
   74   248                14.8
   74   212                15.8
   74   321                18.5
   75    48                 7.3
   75   328                27.7
   75   455                29.2
   76   282                 5.4
   76   440                10.7
   76   205                16.8
   77   462                10.4
   77    81                13.9
   77   234                35.9
   78   245                18.6
   78   325                19.5
   79    47                20.4
   79   394                20.5
   79   146                21.5
   80   126                 5.8
   80   446                35.9
   81     2                 4.5
   81   184                13.3
   81    77                13.9
   82   347                 3.5
   82   116                12.3
   83   280                18.6
   83     7                22.9
   83    58                23.3
   83   154                24.1
   84    21                12.6
   84   193                16.5
   84   228                18.2
   85   137                 6.5
   85   313                 7.7
   86   327                 7.6
   86   498                 8.6
   86   100                36.6
   87   422                15.2
   87   189                20.3
   87   303                30.1
   88   182                 7.3
   88   303                 7.9
   88   367                17.7
   88   422                35.3
   89    17                 7.1
   89    44                 9.5
   89   364                73.3
   90   389                16.5
   90   175                19.3
   90   197                23.8
   91   443                 3.1
   91   380                 8.9
   91   302                40.2
   92   314                23.5
   92   365                36.5
   92   123                36.6
   92   375                  40
   93   263                 0.8
   93   401                  31
   94   385                 6.9
   94   225                  16
   94   421                25.1
   95   191                10.8
   95   258                23.4
   95    19                40.6
   96    98                 7.9
   96   403                23.1
   96   132                35.2
   97   209                 1.7
   97    38                11.5
   98    96                 7.9
   98   308                10.4
   98   206                15.9
   98   260                31.4
   99   321                 7.2
   99   195                  17
   99   479                17.8
  100    22                 9.3
  100   153                13.2
  100    86                36.6
  101   466                11.1
  101   174                  21
  101    43                  37
  102   176                 3.7
  102   220                21.1
  102   399                27.2
  103    29                11.8
  103   329                  18
  103   273                27.1
  104   359                 3.6
  104   260                20.8
  104   222                20.9
  104   206                26.1
  105    53                   4
  105   288                  22
  105   429                22.7
  106   347                  14
  106   130                41.9
  106   290                42.1
  107   135                 5.4
  107    34                14.6
  107    64                  18
  108   242                  27
  108   208                28.5
  108   187                  30
  109   311                 4.3
  109   238                13.2
  109   323                15.5
  110   406                13.2
  110    65                13.6
  110   415                30.1
  111   481                 4.3
  111   286                12.2
  112   354                12.7
  112   217                  24
  113   327                 3.1
  113    15                 8.5
  114   166                 4.5
  114   314                  16
  114   148                20.8
  115    41                 6.1
  115   494                20.2
  115   376                31.7
  116    82                12.3
  116   434                28.7
  116   231                42.1
  117   440                  21
  117   477                21.4
  117   241                36.5
  118    36                  13
  118   300                16.6
  119   420                 1.2
  119   330                 8.1
  119   481                14.4
  120   396                 3.7
  120    55                 7.4
  121    33                 5.4
  121   439                  24
  122   494                 6.1
  122   213                 9.2
  122   241                30.3
  123   233                11.1
  123   184                15.6
  123    92                36.6
  124   187                   8
  124   340                12.3
  125    29                 7.6
  125   464                14.9
  126    80                 5.8
  126   312                10.7
  126   156                22.3
  127   473                10.2
  127   363                18.2
  127   297                28.3
  128   290                 4.2
  128   391                13.6
  129   297                11.8
  129   159                18.4
  129    19                25.9
  130   488                10.2
  130   106                41.9
  130   240                46.4
  131    67                 6.8
  131    73                11.2
  131   329                  22
  132   497                17.3
  132    51                25.3
  132    64                31.3
  132    96                35.2
  133   300                 8.8
  133   366                12.3
  133   326                42.9
  134   473                 4.6
  134   224                 6.1
  135   107                 5.4
  135   433                13.8
  135   468                21.1
  136   451                 6.2
  136    13                12.5
  137    85                 6.5
  137   311                  12
  137   323                  13
  137   477                22.3
  138   334                13.4
  138   293                17.8
  138    42                24.7
  139   426                12.8
  139   312                25.9
  139   366                29.3
  140   234                18.1
  140   174                22.6
  140   233                45.3
  141   293                 9.4
  141   253                11.9
  141    37                  15
  142   175                18.4
  142   389                25.6
  142   274                  38
  142   381                39.7
  143    18                 7.9
  143    63                25.5
  143   431                29.1
  143   369                32.5
  144   431                13.7
  144   154                17.5
  144   182                24.2
  145   363                 3.8
  145   235                16.4
  145   221                30.5
  145   318                33.2
  146   268                13.9
  146    79                21.5
  146    49                  26
  147    19                 7.8
  147   334                11.7
  147   224                  25
  148   245                 6.4
  148   478                15.2
  148   114                20.8
  149   225                19.1
  149   337                19.5
  150    13                16.5
  150   377                21.1
  150   416                24.8
  150   316                25.1
  151   495                 5.8
  151   446                 7.6
  151   345                21.4
  151    66                31.9
  152   338                 6.8
  152   218                 7.7
  152   452                14.7
  152   406                  41
  153   100                13.2
  153   447                14.1
  153   393                27.1
  154   261                16.9
  154   144                17.5
  154   360                21.2
  154    83                24.1
  155   408                10.6
  155    59                28.3
  155   217                32.8
  156   326                 6.9
  156   225                21.4
  156   126                22.3
  157   483                 4.7
  157   305                26.4
  157   287                50.6
  157   319                51.5
  158   180                 7.8
  158    11                16.8
  158   160                21.7
  159   227                11.7
  159   129                18.4
  160   168                 9.6
  160   158                21.7
  160   320                31.7
  161   264                13.1
  161    58                17.1
  161   387                19.1
  161     1                44.5
  162   483                 5.7
  162   211                10.6
  162   476                52.6
  163    40                 1.8
  163   203                 7.8
  163   444                13.5
  164   266                 2.4
  164   399                 4.4
  164   428                19.7
  165   497                 2.3
  165   449                 9.1
  165   342                43.7
  166   114                 4.5
  166   185                 9.2
  166   484                15.9
  167   376                 5.9
  167   228                24.1
  168   160                 9.6
  168   265                10.9
  168   358                13.3
  169   246                 2.7
  169   289                15.9
  169   295                15.9
  170   315                 3.3
  171   370                32.6
  171   383                36.4
  172   181                11.9
  172   383                  22
  172   409                  26
  173   499                 6.4
  173   276                 7.9
  173   245                 9.8
  173   209                  10
  174   367                10.2
  174   101                  21
  174   140                22.6
  175   419                12.2
  175   142                18.4
  175    90                19.3
  175   296                20.1
  176   102                 3.7
  177   441                 6.6
  177   330                25.3
  178   212                 5.2
  178   271                13.4
  178   193                13.7
  179   196                 6.4
  179   204                17.9
  180    60                   5
  180   158                 7.8
  180   251                11.3
  181   172                11.9
  181    61                16.2
  181   496                20.8
  182    88                 7.3
  182   144                24.2
  183   385                 5.8
  183   326                10.9
  184   462                13.2
  184    81                13.3
  184   123                15.6
  184   255                43.5
  185   166                 9.2
  185    38                12.6
  185   333                18.4
  185   362                19.6
  186     1                10.9
  186    26                  16
  186   433                17.7
  186     8                27.3
  186   342                57.4
  187   124                   8
  187    54                11.8
  187   108                  30
  188     1                10.5
  188   189                12.2
  188    26                15.4
  188   262                27.3
  189   275                 3.9
  189   188                12.2
  189    87                20.3
  190   341                15.8
  190   215                17.6
  190   346                26.5
  191    95                10.8
  191   227                13.9
  192   204                19.7
  192   427                22.1
  192   292                25.1
  192   256                28.1
  193   364                12.4
  193   178                13.7
  193    84                16.5
  194    42                   7
  194   384                  10
  194     8                42.9
  194   342                45.1
  195    99                  17
  195    71                18.4
  195   310                43.9
  196   179                 6.4
  196   256                 9.1
  196    50                 9.3
  197   374                15.7
  197   211                21.9
  197    90                23.8
  198   463                11.4
  198   353                15.2
  198   316                18.3
  199   354                15.1
  199   490                22.6
  199    59                33.7
  200   444                88.1
  201   346                 6.2
  201   352                14.8
  202    38                13.9
  202   333                15.5
  202   278                22.9
  202   246                23.4
  203   163                 7.8
  203    46                 9.2
  203    69                16.4
  203   319                40.5
  204   179                17.9
  204   192                19.7
  204   492                73.6
  205   343                11.5
  205   301                15.2
  205    76                16.8
  206   403                13.6
  206    98                15.9
  206   104                26.1
  207     7                  10
  207    30                  20
  207   470                22.6
  207   280                  31
  208    22                10.2
  208   409                10.9
  208   108                28.5
  209    97                 1.7
  209   173                  10
  210   249                22.1
  210   310                24.2
  210   474                26.8
  211   162                10.6
  211   197                21.9
  211   219                  30
  212   178                 5.2
  212    74                15.8
  212   228                29.1
  213   122                 9.2
  213    41                  11
  213   230                11.6
  214   236                 1.6
  214    63                22.2
  215   424                 4.9
  215   429                16.1
  215   190                17.6
  216   224                10.2
  216   318                11.2
  216    42                14.8
  216     5                14.8
  217   369                 8.3
  217   112                  24
  217   155                32.8
  217    18                36.3
  218   152                 7.7
  218   239                20.6
  218   456                22.6
  219   488                12.4
  219   254                12.9
  219   252                  20
  219   211                  30
  220   102                21.1
  220    28                35.8
  221   353                16.7
  221   145                30.5
  221   243                38.8
  222   104                20.9
  222   294                23.4
  222   434                28.6
  223    61                24.9
  223   289                25.3
  223   402                25.4
  224   134                 6.1
  224   216                10.2
  224   147                  25
  225    94                  16
  225   149                19.1
  225   156                21.4
  226   482                18.5
  226   471                22.7
  227   159                11.7
  227   191                13.9
  228    84                18.2
  228   167                24.1
  228   212                29.1
  229    23                10.9
  229    32                  16
  230   213                11.6
  231   252                10.6
  231   488                17.9
  231   116                42.1
  232   250                 7.6
  232    39                15.1
  232   469                28.6
  233     2                 3.4
  233   123                11.1
  233   140                45.3
  233   395                51.8
  234   140                18.1
  234   431                32.5
  234   369                33.5
  234    77                35.9
  235   145                16.4
  235   451                  18
  236   214                 1.6
  236   238                 8.9
  237   252                10.9
  237   485                19.8
  237   287                25.2
  238   436                 1.5
  238   236                 8.9
  238   109                13.2
  239   478                 8.8
  239   218                20.6
  240   480                20.9
  240   300                24.1
  240   130                46.4
  241   122                30.3
  241    39                32.9
  241   117                36.5
  242   455                13.4
  242   450                  25
  242   108                  27
  243   390                21.1
  243   384                31.8
  243   221                38.8
  244   435                 4.4
  244   349                 9.7
  244   331                48.5
  245   148                 6.4
  245   173                 9.8
  245    78                18.6
  246   169                 2.7
  246   276                18.3
  246   202                23.4
  246   475                36.8
  247   305                13.8
  247    46                21.3
  248   376                14.4
  248    74                14.8
  248    52                15.9
  249   405                19.2
  249   210                22.1
  249    12                32.2
  250   232                 7.6
  250   282                 9.9
  251     4                 2.2
  251   180                11.3
  252   231                10.6
  252   237                10.9
  252   219                  20
  252   483                45.8
  253   141                11.9
  253   264                28.3
  253    19                28.9
  253   470                46.9
  254   438                 1.9
  254   219                12.9
  254   306                17.4
  255   279                11.3
  255   373                13.4
  255   184                43.5
  256   196                 9.1
  256   404                17.8
  256   192                28.1
  257   490                   8
  257   469                13.7
  257   344                  19
  258    55                21.5
  258    95                23.4
  258   470                28.8
  259   423                   3
  259   361                11.3
  260   104                20.8
  260   453                26.2
  260    98                31.4
  260    67                38.2
  261   467                 5.1
  261   154                16.9
  261   303                23.5
  262    45                 3.1
  262   188                27.3
  263    93                 0.8
  263   398                19.7
  263   380                46.2
  264   280                12.7
  264   161                13.1
  264   253                28.3
  265   410                 7.4
  265   168                10.9
  265   335                22.9
  266   164                 2.4
  266   307                31.2
  267   335                18.8
  267   348                20.7
  267   355                21.5
  268   319                 3.5
  268   146                13.9
  268    69                35.6
  269   363                 9.2
  270   337                 6.3
  270   286                11.8
  270   322                27.7
  271   321                   3
  271   178                13.4
  272   362                13.1
  272   351                  15
  272    10                17.5
  273   458                 9.1
  273   103                27.1
  273   493                31.9
  274   284                 8.4
  274   336                22.2
  274   142                  38
  275   189                 3.9
  275     3                28.4
  276   173                 7.9
  276   246                18.3
  277     9                12.2
  277   446                20.5
  277   312                25.1
  278   202                22.9
  279   379                 2.4
  279   255                11.3
  279    65                20.4
  280   264                12.7
  280    83                18.6
  280   207                  31
  281   436                 7.4
  281    30                 9.3
  282    76                 5.4
  282   250                 9.9
  282   472                26.9
  283   415                16.7
  283   357                21.1
  283    65                38.1
  284   274                 8.4
  284    72                12.2
  284   427                35.2
  285   317                 7.6
  285     4                15.3
  286   330                10.4
  286   270                11.8
  286   111                12.2
  287   346                16.7
  287    35                18.6
  287   237                25.2
  287   157                50.6
  288   105                  22
  288   341                53.4
  289   169                15.9
  289   223                25.3
  289   430                27.7
  289   423                34.4
  290   128                 4.2
  290   480                   8
  290   106                42.1
  291   462                 5.6
  291   408                   9
  292   425                18.6
  292   192                25.1
  293   141                 9.4
  293   387                17.4
  293   138                17.8
  294    27                10.1
  294   368                16.5
  294   461                  19
  294   222                23.4
  295   325                 9.4
  295   169                15.9
  296   374                 2.5
  296   306                 4.9
  296   175                20.1
  297   129                11.8
  297   127                28.3
  298   361                 8.8
  298    70                31.2
  299   498                 7.2
  299   378                 7.8
  300   133                 8.8
  300   118                16.6
  300   240                24.1
  301   323                   8
  301   205                15.2
  301   313                15.5
  302   493                16.5
  302   309                30.5
  302    91                40.2
  302    73                44.1
  303    88                 7.9
  303   261                23.5
  303    87                30.1
  304   418                11.8
  304    29                14.1
  304   482                15.1
  305   247                13.8
  305   157                26.4
  305   352                40.7
  306   296                 4.9
  306   254                17.4
  306   419                18.3
  307   266                31.2
  308    98                10.4
  308    51                24.2
  309   390                19.9
  309   342                22.8
  309   302                30.5
  309   497                39.3
  310    59                10.5
  310   210                24.2
  310   408                32.6
  310   195                43.9
  311   109                 4.3
  311   137                  12
  312   126                10.7
  312   277                25.1
  312   139                25.9
  313    85                 7.7
  313   440                 8.3
  313   301                15.5
  314   114                  16
  314   362                20.1
  314    92                23.5
  314   456                45.2
  315   170                 3.3
  315   417                11.4
  315   437                17.8
  316   198                18.3
  316   448                25.1
  316   150                25.1
  317   285                 7.6
  317   430                12.7
  318   216                11.2
  318   384                  16
  318   145                33.2
  319   268                 3.5
  319   324                 7.8
  319   203                40.5
  319   157                51.5
  320   427                17.6
  320   335                19.6
  320   425                28.5
  320   160                31.7
  321   271                   3
  321    99                 7.2
  321    74                18.5
  321    71                22.7
  322   407                10.5
  322   367                18.8
  322   270                27.7
  323   301                   8
  323   137                  13
  323   109                15.5
  324   476                 7.1
  324   319                 7.8
  324   483                56.3
  325   295                 9.4
  325    78                19.5
  326   156                 6.9
  326   183                10.9
  326   133                42.9
  327   113                 3.1
  327    86                 7.6
  328   450                  17
  328    75                27.7
  329   103                  18
  329   131                  22
  329   493                24.9
  330   119                 8.1
  330   286                10.4
  330   177                25.3
  331    44                13.6
  331    17                17.6
  331   244                48.5
  331   357                49.2
  332    48                41.1
  332   388                51.5
  333   202                15.5
  333   185                18.4
  333   351                24.1
  334    37                 4.9
  334   147                11.7
  334     5                  13
  334   138                13.4
  335   267                18.8
  335   320                19.6
  335   265                22.9
  335    68                  34
  336    11                 9.5
  336   274                22.2
  337   270                 6.3
  337    43                 7.2
  337   149                19.5
  338   152                 6.8
  338   465                15.9
  338   478                24.4
  339   397                 8.9
  339   382                22.9
  339   480                25.9
  340   124                12.3
  340   460                17.9
  340   457                19.5
  340   370                32.2
  341   190                15.8
  341    24                35.1
  341   288                53.4
  342   309                22.8
  342   165                43.7
  342   194                45.1
  342   186                57.4
  343   205                11.5
  343   472                14.5
  343    18                26.2
  344    39                  11
  344   257                  19
  344   459                20.7
  345   351                 5.7
  345   151                21.4
  346   201                 6.2
  346    24                14.7
  346   287                16.7
  346   190                26.5
  347    82                 3.5
  347   106                  14
  347   359                  15
  348   267                20.7
  348   383                24.6
  348    70                28.2
  348   413                38.2
  349    12                 4.2
  349   379                 8.4
  349   244                 9.7
  350   413                 5.4
  350   400                34.6
  351   345                 5.7
  351   272                  15
  351     9                21.3
  351   333                24.1
  352   201                14.8
  352   442                20.8
  352   305                40.7
  353     0                 9.9
  353   198                15.2
  353   221                16.7
  354   472                11.8
  354   112                12.7
  354   469                14.2
  354   199                15.1
  355   445                 5.7
  355    68                11.5
  355   267                21.5
  356   401                 4.5
  356   448                 4.5
  356     0                40.7
  357   283                21.1
  357   412                38.7
  357   331                49.2
  358     4                11.3
  358   168                13.3
  358   423                  14
  359   104                 3.6
  359   347                  15
  359    62                37.8
  360    63                  14
  360   154                21.2
  361   402                 6.4
  361   298                 8.8
  361   259                11.3
  361   410                13.4
  362   272                13.1
  362   185                19.6
  362   314                20.1
  363   145                 3.8
  363   269                 9.2
  363   127                18.2
  364    21                 9.7
  364   193                12.4
  364    89                73.3
  365   406                  19
  365   456                19.9
  365   373                25.3
  365    92                36.5
  366   399                 7.1
  366   133                12.3
  366   139                29.3
  367   174                10.2
  367    88                17.7
  367   322                18.8
  368   453                 7.8
  368    14                13.7
  368   294                16.5
  369   217                 8.3
  369   143                32.5
  369   234                33.5
  370   400                 6.4
  370   340                32.2
  370   171                32.6
  371   466                 2.9
  371    66                14.1
  371   495                37.1
  372   428                18.7
  372    60                21.4
  372    11                22.6
  373   255                13.4
  373    65                13.7
  373   365                25.3
  374   296                 2.5
  374   197                15.7
  375    10                   2
  375   395                 5.9
  375    92                  40
  376   167                 5.9
  376   248                14.4
  376   115                31.7
  377   451                 6.2
  377   463                   8
  377   150                21.1
  378   447                 4.5
  378   299                 7.8
  379   279                 2.4
  379   349                 8.4
  380    91                 8.9
  380   390                29.4
  380     0                  41
  380   263                46.2
  381   428                15.7
  381   489                27.3
  381   142                39.7
  382   391                 9.1
  382   339                22.9
  382   421                43.5
  383   172                  22
  383   487                23.2
  383   348                24.6
  383   171                36.4
  384   194                  10
  384   318                  16
  384   243                31.8
  385   183                 5.8
  385    94                 6.9
  385   397                 8.7
  386   491                11.3
  386   493                17.6
  386   443                31.2
  387   293                17.4
  387   161                19.1
  387     8                28.7
  388   457                  11
  388   460                19.8
  388   332                51.5
  389    47                13.4
  389    90                16.5
  389   142                25.6
  390   309                19.9
  390   243                21.1
  390   380                29.4
  391   382                 9.1
  391    62                 9.1
  391   128                13.6
  392   439                14.4
  392   452                29.2
  392   415                36.2
  393    56                 4.4
  393   153                27.1
  393    32                  47
  394   404                 3.5
  394    79                20.5
  394    50                24.5
  395   375                 5.9
  395    66                 7.2
  395   233                51.8
  396   120                 3.7
  396    30                24.2
  397   385                 8.7
  397   339                 8.9
  397    36                17.1
  398   263                19.7
  398   491                25.2
  398   443                32.7
  399   164                 4.4
  399   366                 7.1
  399   489                25.4
  399   102                27.2
  400   370                 6.4
  400   350                34.6
  400   457                39.7
  401   356                 4.5
  401    93                  31
  402   361                 6.4
  402   223                25.4
  403    62                 7.1
  403   206                13.6
  403    96                23.1
  404   394                 3.5
  404    72                13.2
  404   256                17.8
  405   435                17.2
  405   249                19.2
  405    44                27.7
  406   110                13.2
  406   365                  19
  406   152                  41
  407   481                 6.9
  407   422                 7.2
  407   322                10.5
  408   291                   9
  408   155                10.6
  408   310                32.6
  409   208                10.9
  409   172                  26
  409   465                62.1
  410   265                 7.4
  410   361                13.4
  411    69                 3.9
  411    49                25.9
  412   439                26.9
  412    32                37.1
  412   357                38.7
  413   350                 5.4
  413   492                  23
  413   348                38.2
  414    24                   6
  414   442                 7.9
  415    33                12.3
  415   283                16.7
  415   110                30.1
  415   392                36.2
  416   454                22.7
  416   150                24.8
  417   315                11.4
  417   486                30.2
